lga_code11, _2006_07_net_num, _2011_12_arrivals_num, _2008_09_net_num, _2015_16_departures_num, _2009_10_net_num, _2012_13_departures_num, _2014_15_departures_num, _2013_14_arrivals_num, _2006_07_arrivals_num, _2014_15_net_num, _2010_11_net_num, _2009_10_departures_num, _2007_08_departures_num, _2012_13_arrivals_num, state_code, _2007_08_arrivals_num, _2007_08_net_num, _2015_16_net_num, _2013_14_net_num, _2006_07_departures_num, _2014_15_arrivals_num, _2008_09_arrivals_num, lga_name11, _2008_09_departures_num, _2012_13_net_num, _2011_12_net_num, _2009_10_arrivals_num, _2013_14_departures_num, _2015_16_arrivals_num, _2010_11_arrivals_num, _2010_11_departures_num, _2011_12_departures_num
"10050",-66,3203,-70,3452,30,3215,3134,3279,3535,66,100,3300,3494,3128,"1",3531,37,112,105,3601,3200,3481,"Albury (C)",3551,-87,-269,3330,3174,3564,3286,3186,3472
"10110",-78,1816,-7,1802,-21,1764,1812,1432,1966,-232,-30,1927,1844,1689,"1",2039,195,-133,-356,2044,1580,2006,"Armidale Dumaresq (A)",2013,-75,-120,1906,1788,1669,1849,1879,1936
"10150",-588,3735,-1088,4732,-757,4411,4569,3654,3743,-887,-805,4830,4805,3708,"1",3882,-923,-820,-1147,4331,3682,4194,"Ashfield (A)",5282,-703,-874,4073,4801,3912,3831,4636,4609
"10200",-853,6072,-1718,9095,-1624,7269,8025,6948,5215,-1120,-933,7243,6623,6519,"1",5496,-1127,-2337,-1293,6068,6905,5881,"Auburn (C)",7599,-750,-903,5619,8241,6758,5992,6925,6975
"10250",547,3260,329,2860,147,2826,2955,3072,3909,233,-32,3131,3305,3141,"1",3819,514,746,300,3362,3188,3678,"Ballina (A)",3349,315,263,3278,2772,3606,3059,3091,2997
"10300",-88,115,-49,160,-24,142,134,152,124,-30,-55,162,230,122,"1",178,-52,-40,31,212,104,132,"Balranald (A)",181,-20,-25,138,121,120,85,140,140
"10350",-392,10938,-471,13648,-408,12471,13549,12696,10877,-1671,-337,12150,11606,11336,"1",10687,-919,-1626,-788,11269,11878,12328,"Bankstown (C)",12799,-1135,-1023,11742,13484,12022,11591,11928,11961
"10470",36,2388,344,2180,394,2086,1981,2287,2373,369,171,2067,2251,2231,"1",2569,318,344,83,2337,2350,2608,"Bathurst Regional (A)",2264,145,105,2461,2204,2524,2231,2060,2283
"10550",34,2055,-29,1770,411,1868,1610,1919,2288,164,72,1731,2304,1971,"1",2180,-124,276,193,2254,1774,2026,"Bega Valley (A)",2055,103,146,2142,1726,2046,2049,1977,1909
"10600",21,870,-210,979,-79,956,879,1048,1147,82,-96,1047,1187,898,"1",1094,-93,29,122,1126,961,937,"Bellingen (A)",1147,-58,-65,968,926,1008,944,1040,935
"10650",-122,620,-39,597,49,498,532,588,661,36,7,535,614,531,"1",556,-58,-20,63,783,568,592,"Berrigan (A)",631,33,65,584,525,577,545,538,555
"10750",-2385,18225,-865,22699,-214,19643,20898,19719,15543,-1290,-729,18880,18756,18574,"1",16871,-1885,-903,-971,17928,19608,19248,"Blacktown (C)",20113,-1069,-1709,18666,20690,21796,18709,19438,19934
"10800",-54,389,-68,386,-58,373,336,299,404,-47,-10,375,537,268,"1",341,-196,-54,-64,458,289,354,"Bland (A)",422,-105,34,317,363,332,357,367,355
"10850",-28,530,57,451,16,497,446,500,464,-19,25,445,586,472,"1",491,-95,44,27,492,427,581,"Blayney (A)",524,-25,-37,461,473,495,502,477,567
"10900",-360,4234,258,4621,-138,4379,4370,4486,4422,52,-208,4548,4777,4320,"1",4643,-134,-119,112,4782,4422,4945,"Blue Mountains (C)",4687,-59,-302,4410,4374,4502,4428,4636,4536
"10950",-15,247,-76,250,24,219,202,191,268,-4,-63,251,324,170,"1",213,-111,-87,-9,283,198,228,"Bogan (A)",304,-49,-4,275,200,163,205,268,251
"11000",-7,141,-39,161,-44,149,138,145,160,31,-57,187,225,139,"1",167,-58,-10,1,167,169,159,"Bombala (A)",198,-10,-70,143,144,151,123,180,211
"11050",-33,237,-2,151,29,180,165,159,174,15,37,136,215,180,"1",211,-4,-23,21,207,180,196,"Boorowa (A)",198,0,80,165,138,128,212,175,157
"11100",-226,3543,283,3789,171,3578,3817,4087,3009,563,-8,3518,3486,3711,"1",3383,-103,942,407,3235,4380,3818,"Botany Bay (C)",3535,133,-95,3689,3680,4731,3516,3524,3638
"11150",-202,196,-136,321,-87,253,339,205,219,-139,-29,331,355,205,"1",247,-108,-128,-107,421,200,275,"Bourke (A)",411,-48,-64,244,312,193,265,294,260
"11200",-43,146,-83,196,-92,174,205,136,201,-35,-54,228,234,204,"1",225,-9,-70,-69,244,170,162,"Brewarrina (A)",245,30,-54,136,205,126,167,221,200
"12350",-230,843,-176,749,-163,840,730,778,831,-28,-102,968,1050,768,"1",883,-167,61,-25,1061,702,806,"Cowra (A)",982,-72,102,805,803,810,795,897,741
"20570",5,5641,891,4977,1055,5031,4797,5553,5245,362,1182,4780,4969,5898,"2",5521,552,1119,670,5240,5159,6216,"Ballarat (C)",5325,867,768,5835,4883,6096,6258,5076,4873
"20660",-199,8087,-420,9530,-934,9056,8668,8195,9180,-697,-1140,9434,9795,8299,"2",9269,-526,-737,-997,9379,7971,9214,"Banyule (C)",9634,-757,-1269,8500,9192,8793,8394,9534,9356
"20740",604,2272,474,1910,750,1970,1852,2596,2509,600,620,1995,1857,2366,"2",2537,680,863,628,1905,2452,2492,"Bass Coast (S)",2018,396,61,2745,1968,2773,2710,2090,2211
"20830",457,3048,682,2605,1216,2292,2251,2987,2722,721,999,2052,2273,2976,"2",2829,556,1009,617,2265,2972,2900,"Baw Baw (S)",2218,684,878,3268,2370,3614,3202,2203,2170
"20910",-214,6684,-320,7097,-347,6570,6442,6934,7332,255,-32,7169,7634,6430,"2",7513,-121,557,382,7546,6697,6984,"Bayside (C)",7304,-140,-232,6822,6552,7654,6687,6719,6916
"21010",-176,896,99,917,-156,912,870,831,988,-41,131,992,1195,874,"2",985,-210,-24,-39,1164,829,998,"Benalla (RC)",899,-38,-76,836,870,893,912,781,972
"21110",-1322,12068,-1404,14382,-1728,13129,13219,12249,13330,-1214,-1419,14039,14947,12098,"2",13190,-1757,-1436,-877,14652,12005,13155,"Boroondara (C)",14559,-1031,-1249,12311,13126,12946,12107,13526,13317
"11250",-66,912,-418,1065,-291,983,938,778,1151,-215,-41,1080,1279,824,"1",1113,-166,-367,-84,1217,723,918,"Broken Hill (C)",1336,-159,-47,789,862,698,983,1024,959
"12300",-132,796,-103,884,-9,740,713,832,1010,53,-47,846,999,708,"1",845,-154,-34,11,1142,766,713,"Corowa Shire (A)",816,-32,-33,837,821,850,766,813,829
"12500",-67,446,-228,438,-156,406,375,357,529,-5,-11,481,563,446,"1",402,-161,-87,-9,596,370,371,"Deniliquin (A)",599,40,-33,325,366,351,393,404,479
"12600",-336,2663,-389,2720,31,2422,2573,2463,2624,-276,29,2690,2938,2279,"1",2643,-295,-208,96,2960,2297,2619,"Dubbo (C)",3008,-143,96,2721,2367,2512,2640,2611,2567
"12700",-100,712,88,632,14,597,607,787,610,81,116,684,669,806,"1",678,9,108,173,710,688,722,"Dungog (A)",634,209,132,698,614,740,769,653,580
"12750",-161,2393,91,2269,276,2182,2163,2584,2568,405,111,2337,2675,2412,"1",2676,1,293,342,2729,2568,2801,"Eurobodalla (A)",2710,230,45,2613,2242,2562,2426,2315,2348
"12850",-2481,8691,-2297,12284,-1966,11291,12263,9550,8153,-3141,-2364,11076,10819,9071,"1",8827,-1992,-2802,-2942,10634,9122,9574,"Fairfield (C)",11871,-2220,-2368,9110,12492,9482,9014,11378,11059
"12900",-41,588,-15,520,-145,492,554,511,590,11,48,599,750,597,"1",472,-278,-48,19,631,565,625,"Forbes (A)",640,105,28,454,492,472,604,556,560
"11300",-336,2901,-676,3713,-931,3510,3656,3019,2858,-902,-480,3875,3672,2949,"1",3031,-641,-806,-629,3194,2754,3262,"Burwood (A)",3938,-561,-628,2944,3648,2907,3042,3522,3529
"11350",-258,2518,108,2597,-164,2322,2404,2522,2533,317,-159,2572,2883,2634,"1",2876,-7,355,206,2791,2721,2902,"Byron (A)",2794,312,101,2408,2316,2952,2339,2498,2417
"11400",-62,1115,-123,882,-70,842,841,870,994,-44,-59,995,1079,870,"1",987,-92,-71,-26,1056,797,956,"Cabonne (A)",1079,28,164,925,896,811,960,1019,951
"11450",669,5175,946,4361,875,3725,4035,5968,4498,2487,1439,4008,3831,5197,"1",4464,633,2885,2111,3829,6522,4919,"Camden (A)",3973,1472,1269,4883,3857,7246,5396,3957,3906
"11500",-1996,8329,-1033,10495,-1413,9646,10025,9222,7715,43,-1203,9843,9536,8391,"1",8218,-1318,177,-902,9711,10068,9168,"Campbelltown (C)",10201,-1255,-1398,8430,10124,10672,8625,9828,9727
"11520",496,6998,917,7729,865,6810,7532,7687,6382,-322,383,6629,6399,7230,"1",6802,403,-357,199,5886,7210,7478,"Canada Bay (A)",6561,420,288,7494,7488,7372,7367,6984,6710
"11550",-1816,8777,-2275,12698,-2292,11400,12208,9783,8892,-3134,-2659,11916,11268,9154,"1",9273,-1995,-3180,-2632,10708,9074,10225,"Canterbury (C)",12500,-2246,-2604,9624,12415,9518,9162,11821,11381
"11600",-45,167,-63,210,-81,176,193,152,183,-37,-44,221,251,132,"1",222,-29,-48,-20,228,156,166,"Carrathool (A)",229,-44,-12,140,172,162,168,212,179
"11700",-23,167,-18,192,-25,217,225,183,221,-41,-43,223,276,174,"1",211,-65,-20,-31,244,184,194,"Central Darling (A)",212,-43,-8,198,214,172,176,219,175
"11720",222,3931,287,3635,332,3558,3270,3884,3477,529,655,3297,3381,3827,"1",3447,66,359,348,3255,3799,3697,"Cessnock (C)",3410,269,611,3629,3536,3994,3936,3281,3320
"11730",483,2853,219,2872,352,2654,2639,2735,3520,155,166,2810,3168,2543,"1",3484,316,381,-119,3037,2794,3244,"Clarence Valley (A)",3025,-111,-4,3162,2854,3253,2890,2724,2857
"11750",-85,361,-176,415,-86,348,417,376,475,-89,-133,448,491,402,"1",423,-68,-66,-21,560,328,358,"Cobar (A)",534,54,-72,362,397,349,343,476,433
"11800",363,4449,250,4397,602,4362,4093,4357,5185,283,165,4610,5006,4265,"1",5379,373,578,-90,4822,4376,5336,"Coffs Harbour (C)",5086,-97,-170,5212,4447,4975,4933,4768,4619
"11860",-24,98,-37,93,-22,102,88,80,128,-10,-26,105,138,92,"1",109,-29,-12,5,152,78,103,"Conargo (A)",140,-10,3,83,75,81,73,99,95
"12000",-36,315,-46,247,-45,286,277,311,306,-13,-47,334,366,273,"1",319,-47,60,7,342,264,305,"Coolamon (A)",351,-13,24,289,304,307,263,310,291
"12050",-167,805,-69,739,-45,761,731,695,669,-117,43,775,797,699,"1",870,73,-37,-16,836,614,741,"Cooma-Monaro (A)",810,-62,91,730,711,702,825,782,714
"12150",-121,308,-103,331,-68,260,278,296,250,-45,-51,339,341,258,"1",251,-90,-98,-28,371,233,257,"Coonamble (A)",360,-2,3,271,324,233,269,320,305
"12200",-130,523,-34,441,-115,435,430,516,479,-25,17,555,645,442,"1",563,-82,-31,113,609,405,495,"Cootamundra (A)",529,7,71,440,403,410,470,453,452
"12950",-120,295,-37,297,-31,310,343,294,321,-107,-76,393,340,288,"1",334,-6,-51,-69,441,236,347,"Gilgandra (A)",384,-22,-39,362,363,246,288,364,334
"13010",-144,581,-10,632,14,539,535,628,650,37,-86,620,718,482,"1",601,-117,-18,52,794,572,613,"Glen Innes Severn (A)",623,-57,-32,634,576,614,532,618,613
"13050",-9,328,8,315,43,347,241,315,311,135,20,312,424,299,"1",378,-46,29,89,320,376,314,"Gloucester (A)",306,-48,-23,355,226,344,365,345,351
"13100",-196,9785,852,9775,883,9072,9131,9903,9567,994,264,9196,9410,9598,"1",9714,304,-106,740,9763,10125,10521,"Gosford (C)",9669,526,591,10079,9163,9669,9718,9454,9194
"13310",-120,1997,218,1692,258,1613,1630,1815,1675,192,268,1597,1729,1823,"1",1818,89,285,177,1795,1822,1870,"Goulburn Mulwaree (A)",1652,210,283,1855,1638,1977,1948,1680,1714
"13320",86,2770,389,2484,459,2273,2232,2703,2824,426,255,2557,2744,2772,"1",2925,181,606,304,2738,2658,3160,"Great Lakes (A)",2771,499,354,3016,2399,3090,2817,2562,2416
"13340",-9,637,-66,709,-57,637,644,643,748,24,-121,721,796,630,"1",702,-94,-6,0,757,668,759,"Greater Hume Shire (A)",825,-7,-2,664,643,703,594,715,639
"13380",39,3281,88,3012,14,2594,2710,2959,3290,389,442,2977,3186,3078,"1",3147,-39,494,87,3251,3099,3300,"Greater Taree (C)",3212,484,250,2991,2872,3506,3419,2977,3031
"13450",-234,1046,-312,1442,-300,1397,1294,1175,1324,-262,-299,1474,1547,1005,"1",1270,-277,-273,-80,1558,1032,1194,"Griffith (C)",1506,-392,-275,1174,1255,1169,1096,1395,1321
"13500",-45,178,-58,271,-19,243,225,214,199,-11,-2,219,301,207,"1",233,-68,-50,-9,244,214,219,"Gundagai (A)",277,-36,-10,200,223,221,243,245,188
"13550",31,945,-41,803,100,855,836,864,917,19,-31,880,922,746,"1",815,-107,123,32,886,855,851,"Gunnedah (A)",892,-109,-2,980,832,926,860,891,947
"13650",-20,388,-4,341,-32,335,323,287,375,-10,8,368,387,336,"1",380,-7,-49,-49,395,313,379,"Guyra (A)",383,1,15,336,336,292,325,317,373
"13660",-132,356,-46,381,-1,342,295,273,325,69,-24,331,424,320,"1",314,-110,-39,-36,457,364,335,"Gwydir (A)",381,-22,25,330,309,342,311,335,331
"13700",-26,285,-23,213,57,242,199,204,288,-11,-1,292,401,223,"1",272,-129,16,-16,314,188,308,"Harden (A)",331,-19,3,349,220,229,284,285,282
"13800",-365,4029,-313,4601,-144,4246,4308,4454,4151,142,252,4416,4539,4382,"1",4214,-325,158,20,4516,4450,4285,"Hawkesbury (C)",4598,136,-241,4272,4434,4759,4414,4162,4270
"13850",-125,165,-109,240,-59,213,181,191,130,0,-52,240,271,145,"1",161,-110,-71,6,255,181,157,"Hay (A)",266,-68,-37,181,185,169,177,229,202
"13950",-579,8688,-880,11438,-790,9430,10212,9173,7992,-1729,-777,9598,9071,8585,"1",8488,-583,-2185,-1330,8571,8483,9175,"Holroyd (C)",10055,-845,-1046,8808,10503,9253,8786,9563,9734
"14000",-1071,10928,-905,12814,-441,11571,11901,11420,10496,-580,-829,11551,11727,10879,"1",11121,-606,-1353,-264,11567,11321,11362,"Hornsby (A)",12267,-692,-814,11110,11684,11461,11127,11956,11742
"14100",114,1154,41,1108,6,1026,1058,1137,1256,62,-21,1147,1194,1224,"1",1154,-40,77,13,1142,1120,1102,"Hunters Hill (A)",1061,198,120,1153,1124,1185,1171,1192,1034
"14150",-355,5834,-595,7104,-678,6434,6941,6184,5752,-1163,-747,6857,6637,5742,"1",6138,-499,-1216,-944,6107,5778,6593,"Hurstville (C)",7188,-692,-591,6179,7128,5888,6003,6750,6425
"14200",-66,1204,65,1023,-13,1094,1032,1110,1089,70,-81,1141,1136,1148,"1",1204,68,81,69,1155,1102,1206,"Inverell (A)",1141,54,71,1128,1041,1104,985,1066,1133
"14250",-55,110,-19,118,-14,146,93,120,100,21,-17,109,141,82,"1",98,-43,1,19,155,114,133,"Jerilderie (A)",152,-64,-36,95,101,119,85,102,146
"14300",-66,538,-6,549,44,519,564,619,436,-26,59,573,544,555,"1",576,32,55,8,502,538,514,"Junee (A)",520,36,-3,617,611,604,598,539,541
"14350",-81,1739,78,1845,-29,1809,1680,1828,2005,9,-108,2000,1886,1721,"1",1909,23,12,75,2086,1689,2039,"Kempsey (A)",1961,-88,-102,1971,1753,1857,1794,1902,1841
"14400",82,1428,143,1359,197,1276,1321,1414,1488,168,208,1353,1521,1437,"1",1493,-28,111,99,1406,1489,1535,"Kiama (A)",1392,161,-6,1550,1315,1470,1535,1327,1434
"14450",-448,4854,-436,5690,-421,5492,5461,4808,4580,-860,-522,5694,5464,4636,"1",5179,-285,-1067,-858,5028,4601,5524,"Kogarah (C)",5960,-856,-506,5273,5666,4623,4962,5484,5360
"14500",-353,8003,607,8940,1011,7349,8521,8578,7049,155,807,7252,7375,8366,"1",7398,23,-291,248,7402,8676,7906,"Ku-ring-gai (A)",7299,1017,650,8263,8330,8649,8306,7499,7353
"14550",-106,698,-17,761,-96,671,694,631,809,-3,3,792,928,624,"1",880,-48,-33,-61,915,691,893,"Kyogle (A)",910,-47,-35,696,692,728,749,746,733
"14600",-208,415,-130,401,-96,383,367,408,358,3,-27,450,470,359,"1",404,-66,-45,-13,566,370,377,"Lachlan (A)",507,-24,-17,354,421,356,363,390,432
"14650",-316,11317,499,10680,684,9875,10159,11195,10900,882,800,10520,10935,11116,"1",10782,-153,1005,836,11216,11041,11878,"Lake Macquarie (C)",11379,1241,824,11204,10359,11685,11157,10357,10493
"14700",-236,3130,-120,3685,15,3372,3358,3483,3152,85,-75,3432,3517,3084,"1",3308,-209,411,183,3388,3443,3344,"Lane Cove (A)",3464,-288,-338,3447,3300,4096,3354,3429,3468
"14750",-135,523,-153,686,-66,625,580,481,597,-52,-131,711,792,613,"1",649,-143,-49,-99,732,528,673,"Leeton (A)",826,-12,-45,645,580,637,548,679,568
"14800",-240,5565,-177,5871,-235,5402,5596,5768,5786,-90,-148,6008,6324,5178,"1",6001,-323,84,151,6026,5506,5979,"Leichhardt (A)",6156,-224,-180,5773,5617,5955,5780,5928,5745
"14850",-150,3171,-231,3374,-325,3034,2997,2919,3629,102,-227,3539,3772,2886,"1",3775,3,-55,-211,3779,3099,3431,"Lismore (C)",3662,-148,-97,3214,3130,3319,3164,3391,3268
"14870",-67,1120,-101,1272,-76,1034,1045,1218,1046,161,-42,1172,1189,1073,"1",1152,-37,0,24,1113,1206,1210,"Lithgow (C)",1311,39,6,1096,1194,1272,1054,1096,1114
"14900",-1209,12249,-636,13953,-430,13179,13609,14384,11349,693,-1037,12914,12580,12475,"1",11501,-1079,1198,660,12558,14302,13107,"Liverpool (C)",13743,-704,-813,12484,13724,15151,12201,13238,13062
"14920",18,542,29,573,-36,593,477,570,543,-26,-30,564,553,503,"1",524,-29,-44,18,525,451,570,"Liverpool Plains (A)",541,-90,11,528,552,529,526,556,531
"14950",-30,228,-67,237,0,242,195,251,249,37,-68,258,298,235,"1",278,-20,30,47,279,232,288,"Lockhart (A)",355,-7,7,258,204,267,240,308,221
"15050",701,6116,434,5235,277,4842,4677,5842,5778,1115,711,5164,5078,5646,"1",5580,502,1083,880,5077,5792,5571,"Maitland (C)",5137,804,1150,5441,4962,6318,5778,5067,4966
"15150",-383,3544,-177,4017,-296,3933,3981,3720,3462,-473,-157,3892,4131,3490,"1",3514,-617,-413,-342,3845,3508,3725,"Manly (A)",3902,-443,-311,3596,4062,3604,3703,3860,3855
"15200",-717,7636,-924,8584,-451,7954,7960,8068,7719,-38,-749,8618,8717,7535,"1",8271,-446,-440,-524,8436,7922,8455,"Marrickville (A)",9379,-419,-845,8167,8592,8144,7748,8497,8481
"15270",39,2025,44,1523,332,1608,1448,1516,1540,99,240,1360,1621,1646,"1",1469,-152,139,39,1501,1547,1606,"Mid-Western Regional (A)",1562,38,567,1692,1477,1662,1686,1446,1458
"15300",-430,1177,-290,1227,-157,1136,1196,833,931,-550,-177,1141,1428,889,"1",913,-515,-481,-381,1361,646,969,"Moree Plains (A)",1259,-247,-31,984,1214,746,1104,1281,1208
"15350",-144,2728,-174,2959,1,2841,2831,2686,3134,-196,-247,3008,3194,2773,"1",2973,-221,-296,-176,3278,2635,3078,"Mosman (A)",3252,-68,-245,3009,2862,2663,2774,3021,2973
"15500",165,721,-39,670,120,539,486,649,864,85,52,620,674,592,"1",787,113,-47,75,699,571,707,"Murray (A)",746,53,60,740,574,623,719,667,661
"15550",-47,213,-61,186,-14,204,188,188,204,-30,-7,177,292,172,"1",186,-106,-5,12,251,158,177,"Murrumbidgee (A)",238,-32,28,163,176,181,191,198,185
"15650",-167,1509,-62,1428,63,1483,1367,1282,1306,27,-4,1310,1531,1305,"1",1188,-343,21,-79,1473,1394,1351,"Muswellbrook (A)",1413,-178,15,1373,1361,1449,1514,1518,1494
"15700",-4,1278,92,1387,150,1151,1291,1407,1434,80,34,1271,1460,1308,"1",1453,-7,119,134,1438,1371,1543,"Nambucca (A)",1451,157,-5,1421,1273,1506,1319,1285,1283
"15750",-219,929,48,937,-126,745,871,800,885,-110,0,1003,1006,804,"1",859,-147,-199,-120,1104,761,972,"Narrabri (A)",924,59,-67,877,920,738,891,891,996
"15800",-88,327,-112,382,-58,369,377,295,413,-70,-54,410,488,309,"1",368,-120,-12,-107,501,307,406,"Narrandera (A)",518,-60,-66,352,402,370,346,400,393
"15850",-92,445,-46,491,-62,456,501,373,461,-110,-77,486,531,410,"1",492,-39,-60,-99,553,391,449,"Narromine (A)",495,-46,-39,424,472,431,418,495,484
"15900",483,11521,472,11116,425,10664,10550,11166,11587,67,917,10939,11139,10667,"1",11539,400,419,352,11104,10617,11919,"Newcastle (C)",11447,3,503,11364,10814,11535,11375,10458,11018
"15950",-495,7513,-229,8230,-363,7936,7909,7729,7972,6,-675,8412,8575,7341,"1",8381,-194,-507,-323,8467,7915,8497,"North Sydney (A)",8726,-595,-744,8049,8052,7723,7657,8332,8257
"16100",-123,352,-16,374,40,398,446,477,307,-13,-25,385,430,399,"1",433,3,-10,15,430,433,385,"Oberon (A)",401,1,-50,425,462,364,358,383,402
"16150",-123,3041,-267,2522,261,2450,2292,2282,2616,153,554,2335,2602,2434,"1",2714,112,89,-98,2739,2445,2527,"Orange (C)",2794,-16,328,2596,2380,2611,2969,2415,2713
"16180",268,1412,224,1345,99,1262,1418,1360,1493,-41,76,1370,1255,1379,"1",1622,367,102,180,1225,1377,1466,"Palerang (A)",1242,117,96,1469,1180,1447,1392,1316,1316
"16200",-260,972,-71,966,-34,930,829,923,943,28,5,972,1068,755,"1",978,-90,-107,12,1203,857,1123,"Parkes (A)",1194,-175,-38,938,911,859,1029,1024,1010
"16250",-1512,15383,-2115,20405,-1283,17380,18969,17018,13430,-2693,-1676,16901,16309,15789,"1",14733,-1576,-3194,-1886,14942,16276,15706,"Parramatta (C)",17821,-1591,-1853,15618,18904,17211,15139,16815,17236
"16350",-1152,11109,-606,12663,-519,10879,11428,12882,9783,1903,-549,11333,11189,11136,"1",10601,-588,1557,1347,10935,13331,11562,"Penrith (C)",12168,257,-149,10814,11535,14220,10825,11374,11258
"16370",-243,4203,419,4327,443,3552,3856,4618,3760,747,347,3797,3802,4136,"1",3884,82,261,899,4003,4603,4358,"Pittwater (A)",3939,584,367,4240,3719,4588,4191,3844,3836
"16380",948,4707,441,4158,1018,4087,3931,4658,5686,712,475,4358,4735,4266,"1",5820,1085,847,683,4738,4643,5302,"Port Macquarie-Hastings (A)",4861,179,587,5376,3975,5005,4996,4521,4120
"16400",519,5567,313,4987,461,4561,4604,5570,5970,828,636,5088,5429,5141,"1",5639,210,958,699,5451,5432,5856,"Port Stephens (A)",5543,580,766,5549,4871,5945,5567,4931,4801
"16470",338,3528,89,3452,45,3316,3534,3177,4219,-410,-121,3768,4002,3282,"1",4120,118,11,-236,3881,3124,3956,"Queanbeyan (C)",3867,-34,-440,3813,3413,3463,3597,3718,3968
"16550",-1188,9634,-1536,11713,-1467,10888,10917,9571,9457,-1551,-1553,11245,11152,9383,"1",9970,-1182,-2270,-1973,10645,9366,10227,"Randwick (C)",11763,-1505,-1580,9778,11544,9443,9538,11091,11214
"16610",25,1646,-59,1725,80,1571,1534,1777,1852,260,-19,1803,1782,1509,"1",1982,200,121,251,1827,1794,1824,"Richmond Valley (A)",1883,-62,-92,1883,1526,1846,1783,1802,1738
"16650",-632,7661,-1029,8977,-1225,8592,8869,7593,7169,-1148,-1156,8795,8300,7382,"1",7646,-654,-1058,-1508,7801,7721,8297,"Rockdale (C)",9326,-1210,-1002,7570,9101,7919,7369,8525,8663
"16700",-959,8089,-1058,10152,-1309,8796,9531,8649,7315,-880,-762,8842,8626,8503,"1",7748,-878,-564,-527,8274,8651,7922,"Ryde (C)",8980,-293,-526,7533,9176,9588,8020,8782,8615
"16900",211,3826,91,3718,407,3484,3411,3961,3805,665,214,3530,3516,3866,"1",3810,294,682,408,3594,4076,3795,"Shellharbour (C)",3704,382,295,3937,3553,4400,3797,3583,3531
"16950",86,5753,626,5471,758,5020,5036,6062,5797,1417,825,5245,5644,5676,"1",6024,380,1425,1119,5711,6453,6124,"Shoalhaven (C)",5498,656,765,6003,4943,6896,5853,5028,4988
"17000",-239,2117,-2,2360,38,2165,1937,1621,1861,-318,-105,2023,2126,1716,"1",1950,-176,-543,-327,2100,1619,2049,"Singleton (A)",2051,-449,-17,2061,1948,1817,1954,2059,2134
"17050",17,566,65,455,91,543,475,516,648,104,82,558,653,516,"1",671,18,129,21,631,579,631,"Snowy River (A)",566,-27,54,649,495,584,673,591,512
"17950",-74,220,-22,175,-80,185,178,170,204,-15,-2,242,260,138,"1",204,-56,-17,-31,278,163,213,"Warren (A)",235,-47,10,162,201,158,239,241,210
"18000",-182,8729,-553,9467,-77,8781,9132,8897,8293,-263,-310,8689,9003,8452,"1",8376,-627,-640,130,8475,8869,8826,"Warringah (A)",9379,-329,-316,8612,8767,8827,8642,8952,9045
"18020",-195,597,-63,648,-131,613,670,651,687,-50,-110,770,738,581,"1",788,50,-75,-43,882,620,727,"Warrumbungle Shire (A)",790,-32,-104,639,694,573,616,726,701
"18050",-630,6192,-878,6958,-670,6600,6724,6018,6109,-896,-792,6725,7033,5848,"1",6440,-593,-720,-715,6739,5828,6367,"Waverley (A)",7245,-752,-875,6055,6733,6238,5950,6742,7067
"18100",-57,220,-35,166,-32,239,201,203,228,-6,35,230,278,192,"1",170,-108,35,-16,285,195,255,"Weddin (A)",290,-47,2,198,219,201,264,229,218
"18150",-215,547,35,759,-11,573,639,573,495,-56,58,585,593,600,"1",663,70,-5,-140,710,583,630,"Wellington (A)",595,27,-107,574,713,754,664,606,654
"18200",-44,487,-198,485,-72,481,516,570,626,-19,-71,555,612,500,"1",546,-66,55,77,670,497,440,"Wentworth (A)",638,19,-65,483,493,540,432,503,552
"18250",-447,6376,-658,7285,-602,6872,6940,6736,6585,-159,-764,7181,7159,6061,"1",6517,-642,-539,-393,7032,6781,6718,"Willoughby (C)",7376,-811,-649,6579,7129,6746,6458,7222,7025
"18350",182,2793,162,2725,332,2476,2577,3364,3017,539,96,2605,3027,2903,"1",3099,72,725,735,2835,3116,3090,"Wingecarribee (A)",2928,427,247,2937,2629,3450,2794,2698,2546
"18400",-193,3380,177,3327,492,3008,3017,4032,2847,1165,695,2879,3015,3359,"1",3115,100,1349,1013,3040,4182,3204,"Wollondilly (A)",3027,351,422,3371,3019,4676,3617,2922,2958
"18450",-384,8068,96,8971,305,8127,8037,8637,8157,490,184,8027,8615,7935,"1",8087,-528,443,364,8541,8527,8785,"Wollongong (C)",8689,-192,-426,8332,8273,9414,8302,8118,8494
"18500",-365,5823,-272,5765,-132,5720,5690,5520,5693,-99,-312,6027,6344,5615,"1",6105,-239,-86,15,6058,5591,6009,"Woollahra (A)",6281,-105,-94,5895,5505,5679,5777,6089,5917
"18550",800,10237,1626,9405,1651,8685,8737,10239,9976,1015,1654,8697,8941,9915,"1",10227,1286,564,1317,9176,9752,10686,"Wyong (A)",9060,1230,1106,10348,8922,9969,10325,8671,9131
"18710",143,1375,179,1165,203,1009,1165,1098,1363,-1,194,1228,1266,1036,"1",1497,231,143,19,1220,1164,1361,"Yass Valley (A)",1182,27,235,1431,1079,1308,1422,1228,1140
"18750",-71,991,150,767,109,854,820,790,895,-82,-83,870,1002,839,"1",878,-124,12,-140,966,738,1102,"Young (A)",952,-15,62,979,930,779,913,996,929
"19399",-6,68,-9,83,5,65,73,52,86,-3,-5,71,96,63,"1",94,-2,-12,-18,92,70,79,"Unincorporated NSW",88,-2,-6,76,70,71,80,85,74
"20110",-143,860,-103,798,-76,737,752,787,935,-24,29,841,1092,779,"2",976,-116,53,58,1078,728,884,"Alpine (S)",987,42,49,765,729,851,821,792,811
"20260",-105,864,9,751,-8,853,765,692,829,-122,-144,799,907,776,"2",794,-113,-95,-72,934,643,907,"Ararat (RC)",898,-77,-5,791,764,656,847,991,869
"17100",-337,3256,-295,4600,-617,4038,4624,3412,2829,-1180,-496,4079,3767,3239,"1",3337,-430,-1154,-939,3166,3444,3647,"Strathfield (A)",3942,-799,-789,3462,4351,3446,3480,3976,4045
"17150",-835,8876,-370,10244,-371,9671,9424,9697,9592,-236,-882,9862,10076,9410,"1",9723,-353,-1124,208,10427,9188,10006,"Sutherland Shire (A)",10376,-261,-1248,9491,9489,9120,9073,9955,10124
"17200",-550,19445,-1853,21713,-1033,20693,20503,19335,19098,-175,-1074,20962,20947,18548,"1",19995,-952,-1381,-1488,19648,20328,20037,"Sydney (C)",21890,-2145,-1426,19929,20823,20332,19369,20443,20871
"17310",-137,3701,327,3199,400,3221,3070,3433,3383,-34,637,3048,3518,3359,"1",3411,-107,198,356,3520,3036,3711,"Tamworth Regional (A)",3384,138,254,3448,3077,3397,3847,3210,3447
"17350",-106,334,-88,350,-33,324,326,335,272,56,-46,345,361,311,"1",291,-70,27,32,378,382,334,"Temora (A)",422,-13,27,312,303,377,305,351,307
"17400",56,476,39,454,-43,409,432,464,557,-1,26,502,558,398,"1",525,-33,29,21,501,431,526,"Tenterfield (A)",487,-11,-20,459,443,483,448,422,496
"17420",532,13138,1054,13785,1064,12582,13220,14324,12818,908,520,12835,12710,13285,"1",13989,1279,965,1214,12286,14128,14380,"The Hills Shire (A)",13326,703,329,13899,13110,14750,13370,12850,12809
"17450",-90,290,24,304,-19,286,263,312,261,72,18,307,307,306,"1",257,-50,4,15,351,335,302,"Tumbarumba (A)",278,20,-3,288,297,308,358,340,293
"17500",-245,522,-253,612,-52,549,586,632,688,0,-33,619,790,556,"1",695,-95,28,9,933,586,559,"Tumut Shire (A)",812,7,-65,567,623,640,587,620,587
"17550",1428,5759,1001,5441,723,5137,4885,6262,7342,1289,400,5407,5706,6018,"1",7107,1401,1546,1130,5914,6174,6636,"Tweed (A)",5635,881,414,6130,5132,6987,5781,5381,5345
"17620",-114,1176,-118,982,91,1000,1011,824,1087,-277,109,909,1136,964,"1",1154,18,-113,-165,1201,734,945,"Upper Hunter Shire (A)",1063,-36,144,1000,989,869,1083,974,1032
"17640",33,595,-97,477,-32,449,491,468,485,-26,-16,490,517,524,"1",490,-27,25,-52,452,465,461,"Upper Lachlan Shire (A)",558,75,92,458,520,502,460,476,503
"17650",-17,597,-38,501,-12,531,489,526,554,-34,-13,498,588,472,"1",531,-57,-85,41,571,455,465,"Uralla (A)",503,-59,5,486,485,416,500,513,592
"17700",-9,87,-48,104,-31,100,71,93,121,17,-27,119,128,85,"1",100,-28,-1,-10,130,88,84,"Urana (A)",132,-15,-10,88,103,103,102,129,97
"17750",-40,3958,-334,4339,-690,4444,4168,3939,4528,-251,-347,5079,4935,3895,"1",5042,107,-62,-397,4568,3917,4746,"Wagga Wagga (C)",5080,-549,-1007,4389,4336,4277,4367,4714,4965
"17800",-115,225,-58,314,-66,305,231,227,289,67,-22,309,441,233,"1",329,-112,-63,-8,404,298,266,"Wakool (A)",324,-72,-88,243,235,251,275,297,313
"17850",-40,162,-53,191,-52,207,192,181,213,-33,-20,242,253,193,"1",220,-33,6,-25,253,159,187,"Walcha (A)",240,-14,-34,190,206,197,215,235,196
"17900",-179,450,-181,545,-81,549,556,517,565,-28,-172,658,737,384,"1",504,-233,-66,-28,744,528,543,"Walgett (A)",724,-165,-113,577,545,479,436,608,563
"21180",-678,10257,-1199,14035,-1409,12828,12839,11221,10506,-1710,-1694,12469,11697,10617,"2",11286,-411,-1434,-1717,11184,11129,11975,"Brimbank (C)",13174,-2211,-2154,11060,12938,12601,10713,12407,12411
"21270",-176,340,-71,451,-10,400,397,327,438,-44,-27,467,506,343,"2",397,-109,-101,-94,614,353,384,"Buloke (S)",455,-57,-74,457,421,350,439,466,414
"21370",-146,2572,-129,2291,-50,2351,2092,2190,2744,35,99,2452,2764,2434,"2",2707,-57,-6,-186,2890,2127,2578,"Campaspe (S)",2707,83,134,2402,2376,2285,2568,2469,2438
"21450",1437,8324,2985,6347,3278,5580,5643,8334,5956,2865,2936,4820,4749,8442,"2",6782,2033,3551,2627,4519,8508,7777,"Cardinia (S)",4792,2862,3041,8098,5707,9898,8102,5166,5283
"21610",2500,18409,2784,18873,2412,17539,17598,19809,18332,2637,1538,16658,16556,19002,"2",19249,2693,3450,1959,15832,20235,20020,"Casey (C)",17236,1463,977,19070,17850,22323,18757,17219,17432
"21670",-5,731,60,743,-86,683,695,773,921,41,-48,881,868,756,"2",858,-10,51,68,926,736,1027,"Central Goldfields (S)",967,73,3,795,705,794,748,796,728
"21750",-103,1109,-126,1139,22,1193,1028,1016,1158,-90,69,1144,1229,1132,"2",1271,42,-74,-128,1261,938,1088,"Colac-Otway (S)",1214,-61,-129,1166,1144,1065,1149,1080,1238
"21830",-388,855,-83,965,-120,1026,896,767,1043,-75,-91,1047,1267,857,"2",961,-306,-135,-162,1431,821,1009,"Corangamite (S)",1092,-169,-249,927,929,830,913,1004,1104
"21890",-995,10853,-1592,12198,-1786,12110,11808,11067,10789,-1270,-1676,12444,12242,10924,"2",11069,-1173,-726,-1219,11784,10538,11466,"Darebin (C)",13058,-1186,-1343,10658,12286,11472,10602,12278,12196
"22110",175,2371,293,1995,601,2061,1954,2521,2456,422,528,2026,2322,2384,"2",2772,450,455,541,2281,2376,2541,"East Gippsland (S)",2248,323,246,2627,1980,2450,2634,2106,2125
"22170",192,10508,708,10885,814,10335,10095,10997,10169,646,716,9915,10499,10825,"2",11318,819,699,551,9977,10741,11259,"Frankston (C)",10551,490,147,10729,10446,11584,10672,9956,10361
"22250",-250,608,-275,670,-138,575,550,621,771,42,-181,814,998,608,"2",767,-231,-24,7,1021,592,666,"Gannawarra (S)",941,33,-34,676,614,646,571,752,642
"22830",-63,2990,-201,3731,57,3527,3588,3045,3647,-627,-267,3260,3792,3066,"2",3349,-443,-618,-354,3710,2961,3599,"Greater Shepparton (C)",3800,-461,-347,3317,3399,3113,3078,3345,3337
"22910",-204,1170,129,1113,10,1113,1009,1135,1041,94,133,1118,1125,1246,"2",1201,76,171,39,1245,1103,1294,"Hepburn (S)",1165,133,108,1128,1096,1284,1264,1131,1062
"22980",-81,351,-1,426,-66,382,396,355,399,-120,-33,428,499,340,"2",343,-156,-85,15,480,276,407,"Hindmarsh (S)",408,-42,-61,362,340,341,397,430,412
"23110",-874,6226,-1399,7303,-1221,6988,6762,6508,6380,-422,-1036,7509,7534,6418,"2",6706,-828,-350,-318,7254,6340,6535,"Hobsons Bay (C)",7934,-570,-969,6288,6826,6953,6230,7266,7195
"23190",59,1151,67,1171,29,1101,991,962,1345,36,63,1171,1241,1033,"2",1403,162,-141,-125,1286,1027,1257,"Horsham (RC)",1190,-68,83,1200,1087,1030,1226,1163,1068
"23270",1385,9477,1463,10143,568,8987,9134,10477,9741,1515,761,9399,8833,9770,"2",10066,1233,1776,906,8356,10649,11116,"Hume (C)",9653,783,107,9967,9571,11919,9933,9172,9370
"23350",-10,1219,-37,1111,175,1112,1110,1181,1407,179,129,1197,1336,1143,"2",1416,80,228,29,1417,1289,1311,"Indigo (S)",1348,31,47,1372,1152,1339,1346,1217,1172
"23430",-386,10571,-309,11548,-206,11208,10858,10399,11366,-499,-631,11036,12281,10813,"2",11996,-285,-350,-819,11752,10359,11738,"Kingston (C)",12047,-395,-666,10830,11218,11198,10691,11322,11237
"23670",-666,8774,-582,10991,-1066,10394,10151,9295,10322,-1085,-1312,10850,11605,8767,"2",10535,-1070,-944,-776,10988,9066,10652,"Knox (C)",11234,-1627,-1502,9784,10071,10047,9333,10645,10276
"23810",-84,3388,172,3817,177,3847,3472,3212,3829,-409,106,3447,3857,3229,"2",3864,7,-87,-475,3913,3063,3874,"Latrobe (C)",3702,-618,-214,3624,3687,3730,3652,3546,3602
"23940",-75,464,-95,511,-34,448,427,452,663,-3,-3,592,758,499,"2",670,-88,-67,39,738,424,560,"Loddon (S)",655,51,-66,558,413,444,548,551,530
"24130",35,2830,419,2653,525,2329,2435,2995,2920,397,413,2562,2725,2530,"2",3131,406,470,560,2885,2832,3000,"Macedon Ranges (S)",2581,201,351,3087,2435,3123,2923,2510,2479
"24210",-527,6693,-764,8404,-915,7310,7535,6727,7405,-1041,-1027,7648,8426,6412,"2",7455,-971,-1332,-864,7932,6494,7079,"Manningham (C)",7843,-898,-904,6733,7591,7072,6819,7846,7597
"24250",-84,545,99,519,154,423,398,462,567,116,23,435,633,557,"2",607,-26,91,35,651,514,593,"Mansfield (S)",494,134,102,589,427,610,532,509,443
"24330",-505,7168,-960,8753,-1113,8217,8014,7874,6548,-376,-801,8323,7678,7554,"2",7208,-470,-875,-200,7053,7638,7353,"Maribyrnong (C)",8313,-663,-903,7210,8074,7878,7384,8185,8071
"24410",-194,7918,-271,8875,-341,8163,8068,8066,8817,-203,-319,8800,9275,8045,"2",9053,-222,-32,-45,9011,7865,9084,"Maroondah (C)",9355,-118,-338,8459,8111,8843,8321,8640,8256
"24600",461,13682,208,15568,328,14292,14325,14310,12954,1166,427,13398,13117,14116,"2",13157,40,760,-258,12493,15491,13888,"Melbourne (C)",13680,-176,-130,13726,14568,16328,14119,13692,13812
"24650",2812,9697,3658,8433,3824,7135,7407,9971,8240,2530,2990,6345,5879,9305,"2",8748,2869,2859,2338,5428,9937,10089,"Melton (S)",6431,2170,2825,10169,7633,11292,9761,6771,6872
"24780",-30,2757,-477,3032,-310,2923,2919,2872,3046,-81,-201,2879,3224,2959,"2",2842,-382,-240,-14,3076,2838,2733,"Mildura (RC)",3210,36,-214,2569,2886,2792,2735,2936,2971
"24850",104,3104,353,2946,447,2588,2701,3059,2765,288,616,2457,2695,2979,"2",2783,88,498,447,2661,2989,3125,"Mitchell (S)",2772,391,424,2904,2612,3444,3119,2503,2680
"24900",-13,1971,-161,1848,51,1742,1756,1947,2339,37,54,1855,2106,1743,"2",2069,-37,34,134,2352,1793,1977,"Moira (S)",2138,1,178,1906,1813,1882,1938,1884,1793
"24970",-2486,11629,-3191,15176,-3284,13613,14020,11954,11448,-2693,-2658,14210,14985,11453,"2",11809,-3176,-2818,-2267,13934,11327,11311,"Monash (C)",14502,-2160,-1911,10926,14221,12358,11405,14063,13540
"25060",-342,7693,-790,8710,-901,8040,8043,8504,8466,581,-693,8967,8932,8006,"2",8683,-249,324,127,8808,8624,8520,"Moonee Valley (C)",9310,-34,-719,8066,8377,9034,8212,8905,8412
"25150",107,2416,393,1924,489,1789,1807,2338,1999,611,574,1790,2034,2368,"2",2136,102,532,540,1892,2418,2255,"Moorabool (S)",1862,579,570,2279,1798,2456,2522,1948,1846
"25250",-1207,11487,-1779,14170,-1989,12482,12802,12234,11118,-834,-1550,13202,13057,11773,"2",11176,-1881,-646,-766,12325,11968,11884,"Moreland (C)",13663,-709,-1468,11213,13000,13524,11400,12950,12955
"25340",1104,9531,1058,9291,1277,8835,8736,9992,10247,1495,707,8829,9986,9512,"2",10888,902,1365,1456,9143,10231,10475,"Mornington Peninsula (S)",9417,677,630,10106,8536,10656,9732,9025,8901
"25430",58,1113,136,1208,43,1040,1051,1331,1273,197,151,1129,1186,1214,"2",1353,167,259,315,1215,1248,1374,"Mount Alexander (S)",1238,174,0,1172,1016,1467,1280,1129,1113
"25490",-194,1326,49,1124,129,1207,1094,1132,1396,-121,53,1219,1484,1123,"2",1493,9,50,18,1590,973,1331,"Moyne (S)",1282,-84,-29,1348,1114,1174,1329,1276,1355
"25620",-204,960,-388,929,-113,880,744,948,1109,98,-6,1169,1139,908,"2",1080,-59,147,108,1313,842,1142,"Murrindindi (S)",1530,28,14,1056,840,1076,1002,1008,946
"25710",-447,3744,-334,4198,-497,3954,3966,3726,4201,-507,-487,4307,4629,3603,"2",4276,-353,-284,-218,4648,3459,4212,"Nillumbik (S)",4546,-351,-473,3810,3944,3914,3843,4330,4217
"25810",-124,704,-138,737,71,774,731,696,861,-140,-31,762,1024,657,"2",861,-163,-40,-36,985,591,878,"Northern Grampians (S)",1016,-117,-73,833,732,697,879,910,777
"25900",113,10826,-747,12026,-1132,11465,11176,10858,12766,-522,-1143,12499,13205,10420,"2",12168,-1037,-600,-719,12653,10654,12251,"Port Phillip (C)",12998,-1045,-1027,11367,11577,11426,10897,12040,11853
"25990",-65,573,5,485,76,545,440,583,568,76,40,565,633,548,"2",579,-54,42,85,633,516,646,"Pyrenees (S)",641,3,40,641,498,527,669,629,533
"26080",-52,298,58,202,-43,250,173,250,328,87,44,288,345,264,"2",373,28,79,58,380,260,327,"Queenscliffe (B)",269,14,41,245,192,281,267,223,257
"26170",-55,1878,172,1626,112,1572,1651,1579,1606,-145,443,1522,1659,1655,"2",1522,-137,184,-74,1661,1506,1813,"South Gippsland (S)",1641,83,200,1634,1653,1810,2033,1590,1678
"26260",-99,830,-268,980,-166,1089,844,717,1195,-83,45,1087,1240,870,"2",1083,-157,-135,-189,1294,761,957,"Southern Grampians (S)",1225,-219,-246,921,906,845,987,942,1076
"26350",-731,9829,-1152,10871,-1218,10254,10245,10101,10692,-211,-1357,11020,11709,9736,"2",10657,-1052,-215,4,11423,10034,10203,"Stonnington (C)",11355,-518,-431,9802,10097,10656,9200,10557,10260
"26430",73,698,-32,639,-52,604,572,656,842,80,37,716,764,703,"2",743,-21,109,89,769,652,650,"Strathbogie (S)",682,99,54,664,567,748,599,562,644
"26490",391,2317,529,1913,613,1698,1642,2167,2151,553,804,1721,1850,2224,"2",2443,593,553,464,1760,2195,2367,"Surf Coast (S)",1838,526,655,2334,1703,2466,2542,1738,1662
"26610",-254,1131,-242,1424,-404,1457,1352,1123,1333,-327,-269,1564,1690,1078,"2",1325,-365,-323,-435,1587,1025,1274,"Swan Hill (RC)",1516,-379,-255,1160,1558,1101,1161,1430,1386
"26670",127,460,22,420,14,423,430,469,611,1,-35,442,523,442,"2",538,15,62,40,484,431,523,"Towong (S)",501,19,29,456,429,482,453,488,431
"26700",-37,1454,49,1269,63,1404,1282,1308,1733,-18,71,1359,1780,1339,"2",1718,-62,253,-15,1770,1264,1657,"Wangaratta (RC)",1608,-65,-78,1422,1323,1522,1477,1406,1532
"26730",305,2136,82,2033,251,1950,1870,2115,2487,-10,26,1922,2238,2122,"2",2389,151,72,116,2182,1860,2197,"Warrnambool (C)",2115,172,32,2173,1999,2105,2133,2107,2104
"26810",90,2576,39,2509,-178,2422,2477,2371,2742,-171,171,2574,2565,2442,"2",2798,233,61,-183,2652,2306,2720,"Wellington (S)",2681,20,43,2396,2554,2570,2625,2454,2533
"26890",-72,291,0,279,-37,282,294,263,305,-58,-35,298,406,231,"2",369,-37,-9,-39,377,236,327,"West Wimmera (S)",327,-51,-44,261,302,270,294,329,335
"26980",-1367,10586,-2046,13208,-2486,11779,12035,10840,11186,-1584,-1978,12681,13131,11012,"2",11625,-1506,-1806,-1400,12553,10451,11019,"Whitehorse (C)",13065,-767,-1357,10195,12240,11402,10264,12242,11943
"27070",970,12290,2663,9484,3766,7842,8270,12530,8247,3668,4075,7170,7245,12217,"2",9312,2067,4180,4053,7277,11938,10537,"Whittlesea (C)",7874,4375,4683,10936,8477,13664,11591,7516,7607
"27170",-421,3257,-132,3569,168,3049,3545,3479,3578,-189,329,3061,3575,3267,"2",3236,-339,-168,364,3999,3356,3286,"Wodonga (RC)",3418,218,-99,3229,3115,3401,3393,3064,3356
"27260",3864,16321,5843,12758,6878,9961,11325,15615,10466,4760,7052,7738,6993,15700,"2",11812,4819,5036,5017,6602,16085,13442,"Wyndham (C)",7599,5739,7094,14616,10598,17794,15635,8583,9227
"27350",-55,9285,-539,10099,-568,9550,9363,9750,10429,424,-1088,10379,11073,9536,"2",10448,-625,629,451,10484,9787,10490,"Yarra (C)",11029,-14,-318,9811,9299,10728,9224,10312,9603
"27450",-567,8256,8,8945,42,8805,8162,7930,9246,-106,-640,9312,9828,8060,"2",9527,-301,30,-490,9813,8056,9646,"Yarra Ranges (S)",9638,-745,-794,9354,8420,8975,8668,9308,9050
"27630",-260,458,-94,476,-64,458,490,387,456,-99,-60,536,668,426,"2",530,-138,-90,-99,716,391,545,"Yarriambiack (S)",639,-32,-97,472,486,386,508,568,555
"29399",40,78,-4,76,-18,88,68,78,140,-4,5,86,126,75,"2",111,-15,-3,22,100,64,88,"Unincorporated Vic",92,-13,0,68,56,73,85,80,78
"30250",-21,40,-16,56,-36,59,64,38,36,-8,-15,66,73,37,"3",43,-30,8,-28,57,56,44,"Aurukun (S)",60,-22,-29,30,66,64,36,51,69
"30300",-112,344,-105,455,-112,382,408,360,437,-145,-67,498,565,352,"3",398,-167,-183,-74,549,263,384,"Balonne (S)",489,-30,-111,386,434,272,295,362,455
"30370",-354,1190,-132,1221,-309,1284,1358,1125,1436,-272,-365,1452,1586,1266,"3",1272,-314,-215,-275,1790,1086,1329,"Banana (S)",1461,-18,-157,1143,1400,1006,1142,1507,1347
"30410",-86,259,-43,320,-23,234,228,189,221,-61,-33,294,332,239,"3",257,-75,-183,-97,307,167,266,"Barcaldine (R)",309,5,6,271,286,137,205,238,253
"30450",-13,14,-16,12,2,23,27,9,35,-20,0,28,30,21,"3",27,-3,-6,-12,48,7,21,"Barcoo (S)",37,-2,-13,30,21,6,13,13,27
"30760",-40,156,-10,214,23,152,236,144,177,-110,-7,160,172,143,"3",163,-9,-73,-17,217,126,163,"Blackall Tambo (R)",173,-9,-26,183,161,141,196,203,182
"40430",-36,183,60,142,10,167,142,185,176,13,-53,164,202,143,"4",186,-16,-2,8,212,155,234,"Barunga West (DC)",174,-24,-39,174,177,140,174,227,222
"40520",-164,736,-153,747,-147,735,715,657,955,-9,26,870,1117,672,"4",761,-356,-45,-136,1119,706,846,"Berri and Barmera (DC)",999,-63,-116,723,793,702,846,820,852
"50350",-115,1743,-72,1911,37,1704,1839,1788,1663,-278,-44,1660,1727,1668,"5",1678,-49,-257,2,1778,1561,1856,"Bassendean (T)",1928,-36,-46,1697,1786,1654,1689,1733,1789
"50420",-147,7000,-431,7553,-754,6934,7210,6434,7169,-1077,-313,7531,7646,6442,"5",6868,-778,-1008,-1045,7316,6133,7515,"Bayswater (C)",7946,-492,-353,6777,7479,6545,6750,7063,7353
"50490",62,4627,-74,5247,23,4962,4931,4314,4544,-671,175,4539,4396,4291,"5",4233,-163,-579,-846,4482,4260,4546,"Belmont (C)",4620,-671,-113,4562,5160,4668,4698,4523,4740
"50560",-3,115,6,127,-21,127,162,104,171,-32,-1,124,173,129,"5",146,-27,-42,-58,174,130,159,"Beverley (S)",153,2,-12,103,162,85,160,161,127
"50630",4,193,5,232,55,186,161,283,193,23,3,157,173,229,"5",174,1,-17,107,189,184,193,"Boddington (S)",188,43,28,212,176,215,229,226,165
"50770",-9,124,2,98,-34,73,125,81,166,-13,-15,131,145,98,"5",144,-1,27,-13,175,112,150,"Boyup Brook (S)",148,25,11,97,94,125,121,136,113
"50840",30,336,67,364,47,308,307,361,516,38,53,352,491,310,"5",515,24,-7,47,486,345,431,"Bridgetown-Greenbushes (S)",364,2,20,399,314,357,370,317,316
"50910",-45,100,7,92,-60,105,75,85,126,15,-37,129,108,70,"5",125,17,15,-11,171,90,103,"Brookton (S)",96,-35,18,69,96,107,56,93,82
"50980",537,1904,101,1960,102,1749,1798,1761,2318,42,193,1859,2062,1857,"5",2126,64,-172,-169,1781,1840,2107,"Broome (S)",2006,108,200,1961,1930,1788,1975,1782,1704
"51080",-43,72,81,79,-19,129,79,63,86,0,-18,95,116,62,"5",123,7,24,-16,129,79,187,"Broomehill-Tambellup (S)",106,-67,-42,76,79,103,91,109,114
"51120",-22,48,-15,73,-8,49,63,50,87,10,-33,82,106,61,"5",118,12,-8,-31,109,73,65,"Bruce Rock (S)",80,12,-49,74,81,65,74,107,97
"51190",-206,3219,147,3400,192,3078,3034,3069,3331,-105,32,3263,3494,3218,"5",3602,108,-387,-95,3537,2929,3644,"Bunbury (C)",3497,140,-48,3455,3164,3013,3516,3484,3267
"51260",563,2726,663,2055,776,1745,1874,2770,2733,970,600,1777,1932,2736,"5",2696,764,898,895,2170,2844,2623,"Busselton (S)",1960,991,922,2553,1875,2953,2420,1820,1804
"51310",-16,2771,-139,2830,-295,2833,2726,2543,3171,-175,-266,3076,3453,2636,"5",3024,-429,-28,-226,3187,2551,3120,"Cambridge (T)",3259,-197,-52,2781,2769,2802,2789,3055,2823
"51330",-90,8324,-944,10632,-1165,9621,10030,8404,9218,-2124,-570,9900,9403,8188,"5",8944,-459,-2597,-1578,9308,7906,9306,"Canning (C)",10250,-1433,-1050,8735,9982,8035,8923,9493,9374
"51400",99,1691,456,1725,266,1468,1480,1666,1453,55,337,1346,1375,1720,"5",1746,371,-8,160,1354,1535,1814,"Capel (S)",1358,252,140,1612,1506,1717,1795,1458,1551
"51470",-28,79,-39,96,-39,104,66,61,104,22,-20,98,148,51,"5",114,-34,-47,-14,132,88,68,"Carnamah (S)",107,-53,-25,59,75,49,86,106,104
"51540",-197,472,-93,606,-66,573,531,507,527,-110,-90,554,702,478,"5",534,-168,-130,-87,724,421,556,"Carnarvon (S)",649,-95,-158,488,594,476,524,614,630
"51610",18,146,0,93,-10,79,74,107,147,33,15,138,108,117,"5",153,45,51,23,129,107,123,"Chapman Valley (S)",123,38,60,128,84,144,138,123,86
"22490",188,1944,235,1478,369,1332,1410,1731,1672,291,280,1374,1536,1697,"2",1772,236,423,331,1484,1701,1812,"Golden Plains (S)",1577,365,431,1743,1400,1901,1843,1563,1513
"22620",591,5372,609,4586,820,4570,4431,5301,5742,710,758,4541,5204,5649,"2",5989,785,1257,706,5151,5141,5708,"Greater Bendigo (C)",5099,1079,833,5361,4595,5843,5338,4580,4539
"22670",-2060,9093,-2884,12668,-3220,11704,11382,10215,9046,-1538,-2230,12035,11811,9976,"2",9451,-2360,-2542,-2164,11106,9844,9422,"Greater Dandenong (C)",12306,-1728,-2007,8815,12379,10126,9020,11250,11100
"22750",739,10126,1250,8882,1572,8695,8504,10282,9677,1944,1260,8396,9016,10302,"2",9698,682,3187,1378,8938,10448,10336,"Greater Geelong (C)",9086,1607,1164,9968,8904,12069,10175,8915,8962
"36360",608,7833,579,6914,239,6562,6468,6566,7463,-486,622,6280,6779,7610,"3",6863,84,-922,-117,6855,5982,7534,"Rockhampton (R)",6955,1048,1760,6519,6683,5992,6832,6210,6073
"36510",420,3043,589,3269,499,2822,2914,3671,3402,238,158,2912,3122,3152,"3",3446,324,442,729,2982,3152,3629,"Scenic Rim (R)",3040,330,87,3411,2942,3711,3171,3013,2956
"36580",44,2037,217,2218,263,1971,2157,2473,2199,9,186,2082,2112,2349,"3",2333,221,295,435,2155,2166,2433,"Somerset (R)",2216,378,41,2345,2038,2513,2181,1995,1996
"36630",82,2529,174,2502,46,2325,2264,2399,2704,-62,25,2669,2756,2205,"3",2901,145,-37,-56,2622,2202,3006,"South Burnett (R)",2832,-120,176,2715,2455,2465,2429,2404,2353
"36660",-29,2452,347,2422,103,2309,2328,2481,2661,49,250,2317,2374,2505,"3",2716,342,-106,143,2690,2377,2963,"Southern Downs (R)",2616,196,-8,2420,2338,2316,2517,2267,2460
"36710",3996,20345,2726,16913,2797,16982,16108,21822,22118,4732,2171,17071,18132,20201,"3",22232,4100,6200,4807,18122,20840,21141,"Sunshine Coast (R)",18415,3219,2862,19868,17015,23113,19075,16904,17483
"36810",259,2815,89,3132,229,2853,2961,3056,3335,163,-9,2983,3188,3136,"3",3480,292,328,199,3076,3124,3294,"Tablelands (R)",3205,283,-75,3212,2857,3460,3009,3018,2890
"36910",-119,9704,346,9752,387,8979,9189,9595,10645,-461,-39,9562,10714,9439,"3",10011,-703,-359,204,10764,8728,10863,"Toowoomba (R)",10517,460,213,9949,9391,9393,9586,9625,9491
"22310",-805,9821,-1421,11670,-1346,10664,10701,9895,10894,-742,-1597,11168,12060,9743,"2",10924,-1136,-1187,-685,11699,9959,10174,"Glen Eira (C)",11595,-921,-876,9822,10580,10483,9788,11385,10697
"22410",8,1068,-60,1101,-85,1212,1065,984,1279,-115,0,1096,1313,946,"2",1166,-147,-50,-91,1271,950,1176,"Glenelg (S)",1236,-266,-173,1011,1075,1051,1108,1108,1241
"30900",-17,37,12,38,6,58,37,46,41,4,-2,38,54,38,"3",62,8,-16,2,58,41,56,"Boulia (S)",44,-20,-5,44,44,22,49,51,42
"31000",69,56955,-7905,64897,-7315,60310,60542,57061,65813,-4597,-5404,65320,67851,55143,"3",64178,-3673,-1621,-6339,65744,55945,63143,"Brisbane (C)",71048,-5167,-4344,58005,63400,63276,56766,62170,61299
"36070",-8,82,2,68,-11,78,57,37,58,-4,-21,64,61,89,"3",52,-9,-12,-32,66,53,60,"Pormpuraaw (S)",58,11,4,53,69,56,46,67,78
"36150",-52,86,-13,94,2,97,85,74,60,-30,-42,78,93,54,"3",110,17,-7,-17,112,55,99,"Quilpie (S)",112,-43,4,80,91,87,80,122,82
"36250",595,9203,563,8859,-5,8655,8473,9602,10423,723,421,9714,10006,9080,"3",10637,631,1698,575,9828,9196,10912,"Redland (C)",10349,425,196,9709,9027,10557,9664,9243,9007
"36300",-26,98,-9,127,-45,103,101,94,91,-28,-66,124,99,70,"3",103,4,-40,-6,117,73,112,"Richmond (S)",121,-33,25,79,100,87,61,127,73
"31750",-7,19,9,30,-1,26,11,27,33,8,-16,32,43,17,"3",21,-22,-13,-1,40,19,47,"Bulloo (S)",38,-9,-17,31,28,17,17,33,36
"31820",1452,5929,1217,5347,840,5748,5098,5555,6744,-95,276,5293,5830,5572,"3",6690,860,-20,-4,5292,5003,6980,"Bundaberg (R)",5763,-176,606,6133,5559,5327,5701,5425,5323
"31900",26,1029,-94,1150,-174,1131,1064,965,1298,-193,-167,1221,1219,940,"3",995,-224,-319,-124,1272,871,1300,"Burdekin (S)",1394,-191,20,1047,1089,831,909,1076,1009
"31950",-7,53,-15,60,-10,62,54,45,58,-9,10,74,67,54,"3",53,-14,-11,-8,65,45,54,"Burke (S)",69,-8,-9,64,53,49,74,64,62
"32070",1985,11429,1021,11770,243,10834,11243,10591,12732,-899,323,11560,11123,11582,"3",12563,1440,-1085,-924,10747,10344,12262,"Cairns (R)",11241,748,441,11803,11515,10685,11864,11541,10988
"32250",-59,165,-6,169,5,236,151,197,215,59,-34,219,253,157,"3",229,-24,0,1,274,210,232,"Carpentaria (S)",238,-79,-75,224,196,169,183,217,240
"32260",-273,1863,-204,2218,-226,2195,2090,1920,2367,-180,-986,2333,2453,1755,"3",2377,-76,-333,-358,2640,1910,2264,"Cassowary Coast (R)",2468,-440,-443,2107,2278,1885,1703,2689,2306
"32270",-541,3598,292,3633,-133,3495,3324,3043,3242,-751,-133,3384,3525,3333,"3",3292,-233,-1099,-481,3783,2573,3680,"Central Highlands (R)",3388,-162,145,3251,3524,2534,3206,3339,3453
"32310",-31,873,-12,948,47,953,980,924,1102,-163,118,949,1024,836,"3",1122,98,-200,-36,1133,817,1078,"Charters Towers (R)",1090,-117,-112,996,960,748,954,836,985
"36950",-67,225,-155,286,-112,324,313,261,191,-84,-72,364,332,202,"3",245,-87,-66,-21,258,229,241,"Torres (S)",396,-122,-110,252,282,220,236,308,335
"36960",-96,294,-184,387,-120,423,388,321,241,-76,-105,449,428,262,"3",317,-111,-101,-41,337,312,302,"Torres Strait Island (R)",486,-161,-114,329,362,286,292,397,408
"37010",1343,13945,1275,13654,139,12199,12761,12495,14468,-328,1202,12753,12787,13322,"3",14561,1774,-574,-221,13125,12433,14587,"Townsville (C)",13312,1123,1613,12892,12716,13080,13397,12195,12332
"41750",-10,78,-27,87,-25,77,95,80,121,-21,-18,97,129,82,"4",84,-45,-9,9,131,74,89,"Elliston (DC)",116,5,-5,72,71,78,91,109,83
"52030",-54,82,-11,113,-23,117,90,115,123,-1,-20,131,190,106,"5",139,-51,5,-24,177,89,143,"Coorow (S)",154,-11,-49,108,139,118,118,138,131
"32330",-35,91,-37,95,-25,106,89,92,124,-16,-32,126,141,117,"3",118,-23,-22,-15,159,73,139,"Cherbourg (S)",176,11,-23,101,107,73,101,133,114
"32450",-91,419,-125,362,-59,441,415,415,468,-110,-16,440,477,343,"3",470,-7,-4,-28,559,305,375,"Cloncurry (S)",500,-98,-23,381,443,358,394,410,442
"32500",9,337,11,333,5,313,303,377,309,97,11,329,333,356,"3",311,-22,68,70,300,400,346,"Cook (S)",335,43,51,334,307,401,356,345,286
"32600",-17,42,-10,52,-8,46,46,32,30,-12,-11,42,47,43,"3",37,-10,-11,-10,47,34,46,"Croydon (S)",56,-3,5,34,42,41,32,43,37
"33830",11,90,10,77,7,72,63,90,82,33,14,80,82,89,"3",73,-9,26,25,71,96,93,"Hope Vale (S)",83,17,30,87,65,103,92,78,60
"33960",2106,14519,3358,13882,2265,12380,12707,15193,13576,2285,1691,12623,12200,14228,"3",14419,2219,3335,2261,11470,14992,16296,"Ipswich (C)",12938,1848,2229,14888,12932,17217,14348,12657,12290
"33980",-79,2918,-144,2885,-313,3090,3123,2552,2859,-854,-96,2732,2959,2844,"3",2845,-114,-724,-526,2938,2269,2832,"Isaac (R)",2976,-246,-191,2419,3078,2161,2594,2690,3109
"34420",-32,66,-27,72,-17,96,77,40,40,-19,-36,70,88,57,"3",51,-37,-17,-24,72,58,53,"Kowanyama (S)",80,-39,-32,53,64,55,41,77,98
"34570",3,26,-1,48,-7,30,42,33,55,6,-13,45,48,22,"3",40,-8,0,-5,52,48,38,"Lockhart River (S)",39,-8,-13,38,38,48,27,40,39
"34580",220,3118,974,3076,329,2762,2770,3527,3095,222,289,2931,2862,3204,"3",3279,417,219,640,2875,2992,3849,"Lockyer Valley (R)",2875,442,278,3260,2887,3295,3150,2861,2840
"34590",-466,19655,237,23609,-1248,21720,20990,21851,20510,-366,-1012,21781,21306,19756,"3",21220,-86,-275,-843,20976,20624,23226,"Logan (C)",22989,-1964,-1405,20533,22694,23334,20084,21096,21060
"34710",-113,307,-58,440,-19,416,519,355,429,-226,-27,447,455,309,"3",443,-12,-80,-126,542,293,484,"Longreach (R)",542,-107,-111,428,481,360,417,444,418
"34770",408,8473,697,8048,65,7904,7519,7064,8462,-1492,556,7405,7774,7899,"3",8854,1080,-2212,-917,8054,6027,8674,"Mackay (R)",7977,-5,676,7470,7981,5836,7850,7294,7797
"34800",-7,66,-32,85,-26,115,77,82,102,-10,17,109,93,98,"3",72,-21,-23,-2,109,67,87,"McKinlay (S)",119,-17,-15,83,84,62,97,80,81
"37300",121,493,6,483,19,374,440,526,553,155,0,373,383,464,"3",493,110,104,108,432,595,413,"Weipa (T)",407,90,148,392,418,587,374,374,345
"37310",-395,2590,208,2806,298,2658,2950,2549,2611,-285,690,2732,2712,2497,"3",2911,199,-192,-367,3006,2665,3044,"Western Downs (R)",2836,-161,-108,3030,2916,2614,3238,2548,2698
"37340",103,3014,-35,2829,-199,2718,2617,2662,2973,-246,-358,2894,2832,2767,"3",3031,199,-312,-346,2870,2371,3032,"Whitsunday (R)",3067,49,287,2695,3008,2517,2350,2708,2727
"35780",-36,139,-42,174,-45,161,176,196,139,11,-58,198,167,152,"3",156,-11,2,49,175,187,149,"Northern Peninsula Area (R)",191,-9,-45,153,147,176,123,181,184
"40250",-23,101,-1,124,3,112,112,98,126,-17,-14,128,151,104,"4",124,-27,-30,-15,149,95,130,"Anangu Pitjantjatjara (AC)",131,-8,-16,131,113,94,117,131,117
"40310",254,1330,83,1217,100,1282,1195,1479,1885,209,205,1320,1615,1363,"4",1738,123,160,217,1631,1404,1528,"Barossa (DC)",1445,81,-54,1420,1262,1377,1463,1258,1384
"56520",-31,414,-99,585,-149,579,550,516,516,-73,-87,448,524,490,"5",443,-81,-170,-147,547,477,432,"Narrogin (T)",531,-89,-48,299,663,415,304,391,462
"56580",-148,2215,-354,2286,-313,2128,2157,2064,2502,-284,-32,2393,2581,2009,"5",2226,-355,-258,-21,2650,1873,2248,"Nedlands (C)",2602,-119,21,2080,2085,2028,2193,2225,2194
"32750",-3,18,-15,20,6,32,18,22,38,12,2,27,30,27,"3",41,11,-5,1,41,30,26,"Diamantina (S)",41,-5,-8,33,21,15,40,38,26
"41010",-23,241,36,250,-6,249,250,232,242,-70,-58,253,274,213,"4",233,-41,-41,-31,265,180,247,"Ceduna (DC)",211,-36,-12,247,263,209,239,297,253
"41060",-559,8614,-621,9010,-620,8798,8524,9009,9429,76,155,9199,9740,8933,"4",9020,-720,-900,169,9988,8600,9053,"Charles Sturt (C)",9674,135,-44,8579,8840,8110,9141,8986,8658
"41140",-43,627,-2,652,50,568,573,598,859,22,87,654,685,665,"4",667,-18,19,45,902,595,656,"Clare and Gilbert Valleys (DC)",658,97,24,704,553,671,704,617,603
"57210",-6,374,-52,523,-6,353,474,481,487,-7,-33,477,470,446,"5",513,43,14,50,493,467,397,"Plantagenet (S)",449,93,-62,471,431,537,418,451,436
"57280",102,1904,539,2142,467,2409,2015,1731,2452,-344,314,2444,2455,1796,"5",2795,340,-267,-461,2350,1671,3023,"Port Hedland (T)",2484,-613,-661,2911,2192,1875,2875,2561,2565
"57350",-29,51,-14,111,-1,73,100,80,133,-5,-1,96,126,72,"5",139,13,-28,15,162,95,103,"Quairading (S)",117,-1,-85,95,65,83,86,87,136
"32770",-4,103,-50,135,-20,124,117,98,83,-21,42,127,134,119,"3",94,-40,-3,-17,87,96,81,"Doomadgee (S)",131,-5,-21,107,115,132,141,99,124
"33100",-55,90,-66,168,-41,150,139,122,103,-28,-42,163,129,100,"3",104,-25,-33,-8,158,111,97,"Etheridge (S)",163,-50,-54,122,130,135,111,153,144
"33200",-52,143,-61,159,-17,152,168,137,157,-55,-26,188,189,152,"3",170,-19,-11,-58,209,113,161,"Flinders (S)",222,0,-48,171,195,148,145,171,191
"33220",2115,7226,1664,6631,1459,6551,5997,7402,8213,970,665,6205,6292,7267,"3",8357,2065,719,870,6098,6967,8277,"Fraser Coast (R)",6613,716,822,7664,6532,7350,7175,6510,6404
"33360",563,5585,200,6020,-366,4987,4884,5832,4722,462,919,4209,4310,5921,"3",4837,527,-1313,824,4159,5346,4328,"Gladstone (R)",4128,934,545,3843,5008,4707,4921,4002,5040
"33430",5158,30023,2636,27678,2422,27288,26145,31159,32177,4492,1706,27624,28925,30041,"3",32220,3295,6247,2916,27019,30637,32396,"Gold Coast (C)",29760,2753,1984,30046,28243,33925,29245,27539,28039
"33610",-178,908,-72,839,191,862,744,631,884,-96,-126,736,974,746,"3",932,-42,-101,-314,1062,648,965,"Goondiwindi (R)",1037,-116,-38,927,945,738,798,924,946
"33620",341,3733,698,3518,476,3380,3164,3556,3999,381,409,3431,3672,3693,"3",4120,448,616,-19,3658,3545,4153,"Gympie (R)",3455,313,309,3907,3575,4134,3768,3359,3424
"33800",20,587,-41,648,-110,703,712,472,784,-256,-64,723,781,548,"3",842,61,-198,-138,764,456,709,"Hinchinbrook (S)",750,-155,-91,613,610,450,608,672,678
"34830",4,128,-3,130,2,107,124,122,51,-2,1,41,48,112,"3",58,10,-6,4,47,122,58,"Mapoon (S)",61,5,-2,43,118,124,44,43,130
"34860",-120,924,-69,1257,-142,1059,1114,921,1160,-226,-224,1145,1205,955,"3",1066,-139,-406,-159,1280,888,1159,"Maranoa (R)",1228,-104,-284,1003,1080,851,927,1151,1208
"35010",5645,26649,5177,24233,4803,22733,22225,28514,28917,5598,4235,23068,23311,26036,"3",28596,5285,6264,5050,23272,27823,29148,"Moreton Bay (R)",23971,3303,3916,27871,23464,30497,26880,22645,22733
"35250",-8,69,2,119,-20,76,96,86,88,13,-37,91,93,65,"3",82,-11,8,0,96,109,98,"Mornington (S)",96,-11,-18,71,86,127,64,101,87
"35300",-323,2514,-623,2789,-396,2726,2418,1988,2583,-653,-313,2524,2695,2340,"3",2734,39,-1084,-674,2906,1765,2300,"Mount Isa (C)",2923,-386,-86,2128,2662,1705,2294,2607,2600
"35600",-146,347,-88,470,-108,380,508,306,332,-134,-63,488,437,305,"3",374,-63,-170,-82,478,374,447,"Murweh (S)",535,-75,-37,380,388,300,310,373,384
"35670",17,226,-3,164,-4,125,149,205,134,74,10,109,98,194,"3",150,52,59,59,117,223,121,"Napranum (S)",124,69,75,105,146,223,100,90,151
"35760",-112,675,32,669,-118,647,675,645,753,-30,-31,830,932,639,"3",689,-243,-72,-150,865,645,854,"North Burnett (R)",822,-8,-117,712,795,597,689,720,792
"35790",47,221,-2,236,5,227,198,182,265,-19,-7,227,248,221,"3",236,-12,-38,-20,218,179,237,"Palm Island (S)",239,-6,7,232,202,198,225,232,214
"35800",-61,137,-47,169,-33,197,207,156,157,-72,-9,169,256,131,"3",139,-117,-36,-38,218,135,163,"Paroo (S)",210,-66,-61,136,194,133,139,148,198
"41330",-83,134,-44,194,-23,192,174,148,162,-47,-40,202,229,163,"4",162,-67,-39,-52,245,127,161,"Coober Pedy (DC)",205,-29,-40,179,200,155,146,186,174
"37400",-19,141,-7,145,-13,131,140,128,79,-50,-10,122,143,122,"3",87,-56,-76,-29,98,90,121,"Winton (S)",128,-9,-11,109,157,69,110,120,152
"41560",303,1003,261,790,166,699,744,944,1141,152,46,780,853,971,"4",1125,272,234,233,838,896,1048,"Copper Coast (DC)",787,272,300,946,711,1024,922,876,703
"57420",141,318,-194,259,-62,260,286,240,361,-89,160,256,290,275,"5",335,45,-80,3,220,197,247,"Ravensthorpe (S)",441,15,95,194,237,179,357,197,223
"57490",2132,10089,1386,8986,1702,7961,8299,10557,8934,2090,1647,7438,7158,10491,"5",9214,2056,1639,2106,6802,10389,9080,"Rockingham (C)",7694,2530,2267,9140,8451,10625,9311,7664,7822
"37550",-48,117,-30,107,-33,110,133,97,92,-35,12,103,105,91,"3",82,-23,-17,-19,140,98,69,"Woorabinda (S)",99,-19,8,70,116,90,129,117,109
"43080",-19,58,-22,51,-47,59,83,53,85,-14,-23,87,118,52,"4",92,-26,1,-7,104,69,61,"Karoonda East Murray (DC)",83,-7,-27,40,60,52,59,82,85
"64810",34,1101,183,1024,126,975,937,1168,1151,98,213,1039,1068,1058,"6",1240,172,148,265,1117,1035,1379,"Sorell (M)",1196,83,34,1165,903,1172,1276,1063,1067
"65010",44,457,29,463,71,482,405,421,546,21,-17,483,544,403,"6",509,-35,-41,-52,502,426,635,"Southern Midlands (M)",606,-79,-8,554,473,422,523,540,465
"65210",-6,184,71,160,21,175,122,161,155,34,10,146,144,122,"6",189,45,13,-4,161,156,210,"Tasman (M)",139,-53,-15,167,165,173,169,159,199
"65410",88,877,-35,797,44,861,849,909,1142,-68,21,869,1024,807,"6",1079,55,45,10,1054,781,1091,"Waratah/Wynyard (M)",1126,-54,-41,913,899,842,920,899,918
"65610",-148,302,-34,381,-67,443,378,275,428,-87,-178,478,520,278,"6",479,-41,-106,-151,576,291,504,"West Coast (M)",538,-165,-119,411,426,275,365,543,421
"65810",52,1845,2,1636,156,1629,1651,1704,2197,3,-29,1839,2085,1693,"6",2116,31,42,12,2145,1654,2105,"West Tamar (M)",2103,64,-12,1995,1692,1678,1864,1893,1857
"37570",4,46,-7,38,-2,46,34,51,29,9,3,32,31,42,"3",35,4,6,19,25,43,45,"Wujal Wujal (S)",52,-4,14,30,32,44,23,20,32
"37600",-22,73,-40,113,-16,98,119,85,89,-13,-25,100,109,80,"3",95,-14,-21,-15,111,106,92,"Yarrabah (S)",132,-18,-25,84,100,92,83,108,98
"45400",-20,55,-12,32,-13,49,63,40,70,-21,7,51,102,29,"4",82,-20,8,1,90,42,55,"Orroroo/Carrieton (DC)",67,-20,23,38,39,40,59,52,32
"40070",73,3167,-12,3174,-83,3408,3188,3007,3842,-243,-265,3242,3701,3007,"4",3763,62,-250,-304,3769,2945,3542,"Adelaide (C)",3554,-401,-136,3159,3311,2924,3156,3421,3303
"40120",-271,2598,-243,2740,-219,2603,2626,2472,3725,-55,-183,2973,3704,2461,"4",3330,-374,-190,-239,3996,2571,3093,"Adelaide Hills (DC)",3336,-142,-191,2754,2711,2550,2642,2825,2789
"40220",486,1953,361,1710,598,1571,1478,1930,2462,473,429,1513,1993,1874,"4",2348,355,407,389,1976,1951,2032,"Alexandrina (DC)",1671,303,427,2111,1541,2117,2024,1595,1526
"45090",-205,387,-103,546,-115,468,525,402,578,-142,-62,566,664,470,"4",540,-124,-70,-132,783,383,506,"Naracoorte and Lucindale (DC)",609,2,-186,451,534,476,452,514,573
"45120",34,251,2,274,-32,246,239,251,439,7,-73,359,429,234,"4",362,-67,-35,-4,405,246,377,"Northern Areas (DC)",375,-12,-37,327,255,239,302,375,288
"45290",-317,3638,-308,4012,-305,3734,3736,3553,4722,-388,-361,4159,4602,3556,"4",4506,-96,-368,-334,5039,3348,4145,"Norwood Payneham St Peters (C)",4453,-178,-277,3854,3887,3644,3787,4148,3915
"40700",-390,3791,-386,4111,-335,3948,3864,3812,5007,-104,-172,4180,4891,3753,"4",4596,-295,-191,-153,5397,3760,4324,"Burnside (C)",4710,-195,-197,3845,3965,3920,3888,4060,3988
"40910",-473,3428,-369,4119,-436,3676,3808,3456,3947,-367,-399,3816,4320,3414,"4",3872,-448,-567,-320,4420,3441,3778,"Campbelltown (C)",4147,-262,-133,3380,3776,3552,3575,3974,3561
"41190",-54,101,-14,98,-10,97,95,102,144,-32,-51,109,193,51,"4",111,-82,-11,0,198,63,147,"Cleve (DC)",161,-46,-33,99,102,87,74,125,134
"45340",-211,8260,206,8132,197,7937,7662,8144,9657,214,491,8510,9404,7681,"4",9613,209,188,157,9868,7876,9494,"Onkaparinga (C)",9288,-256,199,8707,7987,8320,8692,8201,8061
"41830",25,106,-70,150,2,135,169,122,248,-47,29,159,197,88,"4",208,11,-22,10,223,122,125,"Flinders Ranges (DC)",195,-47,-52,161,112,128,171,142,158
"41960",9,97,1,110,10,73,71,113,126,7,-5,96,98,109,"4",101,3,-3,30,117,78,111,"Franklin Harbour (DC)",110,36,-6,106,83,107,118,123,103
"46970",64,637,-181,745,-233,651,585,460,1054,-75,-141,731,983,428,"4",1076,93,-307,-126,990,510,693,"Roxby Downs (M)",874,-223,-44,498,586,438,638,779,681
"47140",224,9505,-126,10760,-60,9895,10312,9571,10412,-1118,-124,10112,10321,9349,"4",10520,199,-1017,-906,10188,9194,11049,"Salisbury (C)",11175,-546,-983,10052,10477,9743,10379,10503,10488
"47290",-26,121,-22,161,-76,154,160,128,245,-41,-78,204,291,109,"4",229,-62,-14,-10,271,119,193,"Southern Mallee (DC)",215,-45,-53,128,138,147,119,197,174
"47490",17,147,-28,144,-18,175,123,147,206,5,-20,153,197,102,"4",183,-14,-5,12,189,128,157,"Streaky Bay (DC)",185,-73,58,135,135,139,134,154,89
"47630",-178,333,-66,436,-103,486,426,353,442,-90,-92,443,551,337,"4",377,-174,-90,-51,620,336,419,"Tatiara (DC)",485,-149,-107,340,404,346,345,437,440
"47700",-895,6238,-883,6594,-441,6543,6242,5891,7544,-215,-606,6912,8109,5648,"4",7203,-906,-242,-622,8439,6027,6940,"Tea Tree Gully (C)",7823,-895,-263,6471,6513,6352,6431,7037,6501
"47800",-73,387,-80,473,-87,412,437,394,601,-98,-60,490,799,345,"4",611,-188,-85,11,674,339,545,"The Coorong (DC)",625,-67,-51,403,383,388,395,455,438
"42030",400,2117,384,2021,272,1751,1863,2314,2355,308,201,1890,1939,2112,"4",2348,409,475,492,1955,2171,2155,"Gawler (T)",1771,361,219,2162,1822,2496,2148,1947,1898
"42110",-44,298,-53,263,-53,262,283,251,374,-1,-74,325,417,271,"4",375,-42,21,9,418,282,318,"Goyder (DC)",371,9,10,272,242,284,240,314,288
"42250",221,493,15,393,55,396,428,414,956,7,13,482,662,382,"4",879,217,73,73,735,435,580,"Grant (DC)",565,-14,31,537,341,466,470,457,462
"47910",1,192,58,187,-11,153,159,164,212,23,31,195,187,161,"4",257,70,6,-30,211,182,231,"Tumby Bay (DC)",173,8,45,184,194,193,161,130,147
"70200",-547,2434,-210,2844,-141,2703,2791,2147,2274,-662,-453,2771,3025,2105,"7",2797,-228,-616,-834,2821,2129,2818,"Alice Springs (T)",3028,-598,-539,2630,2981,2228,2636,3089,2973
"42600",59,3410,-325,3683,-13,3521,3326,3481,4688,21,-224,3907,4450,3357,"4",4628,178,-137,-108,4629,3347,4013,"Holdfast Bay (C)",4338,-164,-77,3894,3589,3546,3676,3900,3487
"42750",-37,279,-19,253,-19,299,252,244,308,-12,-45,310,345,262,"4",334,-11,6,9,345,240,303,"Kangaroo Island (DC)",322,-37,-44,291,235,259,270,315,323
"43220",-30,47,-25,68,3,58,47,37,74,-1,-3,41,70,55,"4",57,-13,-17,-36,104,46,37,"Kimba (DC)",62,-3,-20,44,73,51,58,61,67
"43360",-24,114,21,141,-39,110,160,126,199,-11,-6,140,216,141,"4",201,-15,42,-10,223,149,177,"Kingston (DC)",156,31,-18,101,136,183,138,144,132
"43650",149,1274,186,1064,200,1051,1059,1268,1472,40,131,1145,1359,1237,"4",1382,23,221,279,1323,1099,1250,"Light (RegC)",1064,186,225,1345,989,1285,1280,1149,1049
"43710",-28,358,-13,346,54,346,335,265,243,-50,-18,183,275,332,"4",211,-64,-10,-49,271,285,243,"Lower Eyre Peninsula (DC)",256,-14,56,237,314,336,221,239,302
"43790",-105,630,-142,726,-76,638,624,683,887,29,-30,727,945,632,"4",724,-221,-93,24,992,653,694,"Loxton Waikerie (DC)",836,-6,-83,651,659,633,673,703,713
"43920",102,679,-22,579,87,605,520,619,840,50,-19,552,793,598,"4",703,-90,31,61,738,570,652,"Mallala (DC)",674,-7,47,639,558,610,636,655,632
"50250",-26,1093,15,1071,-51,1110,945,945,1152,-133,96,1063,1150,1017,"5",1026,-124,-317,-88,1178,812,1029,"Ashburton (S)",1014,-93,58,1012,1033,754,1168,1072,1035
"50280",168,923,-20,782,-97,752,708,967,1380,236,20,968,1137,931,"5",1076,-61,237,220,1212,944,1007,"Augusta-Margaret River (S)",1027,179,136,871,747,1019,853,833,787
"44000",9,30,5,9,3,9,2,26,15,21,-3,6,7,28,"4",7,0,13,15,6,23,9,"Maralinga Tjarutja (AC)",4,19,17,9,11,22,11,14,13
"44060",-396,7019,-561,7951,-184,7337,7396,6766,7977,-532,-518,7604,8469,6730,"4",7946,-523,-566,-674,8373,6864,7608,"Marion (C)",8169,-607,-390,7420,7440,7385,7378,7896,7409
"44210",-31,510,-28,593,42,531,502,590,694,126,4,561,656,570,"4",635,-21,48,124,725,628,655,"Mid Murray (DC)",683,39,-38,603,466,641,526,522,548
"44340",-65,4623,-436,5055,-627,4661,4712,4553,5901,-364,-437,5242,6142,4515,"4",5531,-611,-502,-8,5966,4348,5316,"Mitcham (C)",5752,-146,-124,4615,4561,4553,4612,5049,4747
"44550",183,2505,360,2315,323,2098,2131,2465,2922,325,262,2177,2473,2331,"4",2870,397,346,466,2739,2456,2562,"Mount Barker (DC)",2202,233,342,2500,1999,2661,2415,2153,2163
"44620",-104,1633,-52,1733,68,1618,1574,1509,2122,-130,-94,1614,2158,1455,"4",1942,-216,-173,-114,2226,1444,1766,"Mount Gambier (C)",1818,-163,-60,1682,1623,1560,1556,1650,1693
"44830",-30,161,-31,167,-25,163,152,153,212,-13,58,206,219,139,"4",221,2,-40,6,242,139,190,"Mount Remarkable (DC)",221,-24,-19,181,147,127,209,151,180
"45040",134,1187,88,1325,-32,1291,1321,1262,1715,-67,77,1389,1593,1311,"4",1979,386,50,-112,1581,1254,1756,"Murray Bridge (RC)",1668,20,-112,1357,1374,1375,1419,1342,1299
"57080",121,3813,-171,4096,186,3955,3612,3624,3638,370,423,3550,3549,3467,"5",3574,25,225,35,3517,3982,3615,"Perth (C)",3786,-488,-24,3736,3589,4321,3938,3515,3837
"45540",23,133,-65,96,-10,120,130,112,155,-19,5,132,136,94,"4",162,26,43,-19,132,111,134,"Peterborough (DC)",199,-26,-22,122,131,139,134,129,155
"45680",406,7626,1167,7208,1093,6529,6689,7644,6376,701,1649,6377,6375,7253,"4",7158,783,170,682,5970,7390,7620,"Playford (C)",6453,724,1220,7470,6962,7378,8099,6450,6406
"45890",-654,10107,-862,11490,-793,10751,10900,10307,10672,-877,-534,10978,11490,10356,"4",10640,-850,-1077,-706,11326,10023,10819,"Port Adelaide Enfield (C)",11681,-395,-622,10185,11013,10413,10549,11083,10729
"46090",6,798,-24,960,-23,832,951,817,1170,-91,-211,973,1193,835,"4",1056,-137,-105,-124,1164,860,1115,"Port Augusta (C)",1139,3,-108,950,941,855,874,1085,906
"46300",-48,887,127,862,74,845,854,948,1148,-109,20,1009,1095,921,"4",1143,48,17,87,1196,745,1286,"Port Lincoln (C)",1159,76,-92,1083,861,879,1107,1087,979
"46450",-11,953,-99,949,73,920,889,970,1093,-126,-136,975,1093,917,"4",985,-108,-50,-42,1104,763,1045,"Port Pirie City and Dists (M)",1144,-3,-31,1048,1012,899,921,1057,984
"46510",-136,2225,-267,2562,-267,2319,2390,2155,2700,-196,-378,2530,2816,2231,"4",2569,-247,-369,-348,2836,2194,2417,"Prospect (C)",2684,-88,-167,2263,2503,2193,2196,2574,2392
"46670",-150,501,-123,644,-205,602,576,490,749,-17,-186,764,761,480,"4",566,-195,-40,-108,899,559,649,"Renmark Paringa (DC)",772,-122,-132,559,598,604,463,649,633
"46860",17,120,11,124,7,119,84,101,140,-9,-11,105,133,100,"4",93,-40,-22,-3,123,75,103,"Robe (DC)",92,-19,13,112,104,102,100,111,107
"57140",4,85,11,111,38,107,105,95,155,3,17,108,138,119,"5",105,-33,-36,-10,151,108,129,"Pingelly (S)",118,12,-40,146,105,75,102,85,125
"47980",-422,3974,-321,3938,-279,4007,3702,3663,4894,-186,-386,4353,4964,3670,"4",4654,-310,-234,-96,5316,3516,4359,"Unley (C)",4680,-337,-80,4074,3759,3704,3922,4308,4054
"48050",285,1185,345,978,417,861,893,1279,1393,306,340,902,1005,1186,"4",1445,440,258,365,1108,1199,1350,"Victor Harbor (C)",1005,325,250,1319,914,1236,1281,941,935
"48130",-67,461,33,544,57,477,480,513,589,-76,31,467,593,437,"4",599,6,-90,38,656,404,584,"Wakefield (DC)",551,-40,-14,524,475,454,562,531,475
"51960",-80,564,-250,562,-118,531,478,319,625,-110,-38,574,755,412,"5",667,-88,-195,-180,705,368,464,"Coolgardie (S)",714,-119,-25,456,499,367,495,533,589
"74050",44,125,23,143,8,122,138,124,155,3,8,135,111,108,"7",133,22,-5,-11,111,141,136,"Tiwi Islands (S)",113,-14,-3,143,135,138,142,134,128
"74500",-47,339,-62,466,-141,408,428,329,377,-108,-123,430,398,331,"7",487,89,-90,-75,424,320,404,"Victoria-Daly (S)",466,-77,-82,289,404,376,332,455,421
"48640",-91,51,-21,91,7,68,83,41,83,-30,-11,67,111,77,"4",101,-10,-41,-25,174,53,98,"Wudinna (DC)",119,9,-16,74,66,50,83,94,67
"48750",40,429,128,366,114,325,308,416,509,102,19,352,399,378,"4",486,87,79,129,469,410,504,"Yankalilla (DC)",376,53,48,466,287,445,417,398,381
"48830",-75,628,-46,588,23,656,528,564,763,42,62,685,773,662,"4",799,26,127,-40,838,570,686,"Yorke Peninsula (DC)",732,6,-40,708,604,715,713,651,668
"49399",-17,342,-76,387,-77,394,325,272,557,-48,-170,440,569,297,"4",538,-31,-138,-112,574,277,457,"Unincorporated SA",533,-97,-8,363,384,249,346,516,350
"52660",371,1591,215,1478,158,1248,1186,1405,1701,197,137,1495,1527,1471,"5",1776,249,98,69,1330,1383,1702,"Dardanup (S)",1487,223,180,1653,1336,1576,1645,1508,1411
"52730",96,455,104,433,77,387,400,469,515,94,74,392,409,506,"5",472,63,63,42,419,494,493,"Denmark (S)",389,119,135,469,427,496,461,387,320
"52800",-175,594,-40,802,-21,631,783,736,636,-74,-165,636,689,819,"5",574,-115,-137,-42,811,709,633,"Derby-West Kimberley (S)",673,188,-17,615,778,665,525,690,611
"52870",28,420,82,469,79,361,484,448,537,-12,55,378,534,469,"5",559,25,22,59,509,472,502,"Donnybrook-Balingup (S)",420,108,48,457,389,491,495,440,372
"61210",-55,379,-85,482,-161,400,435,413,476,-87,-115,489,527,334,"6",391,-136,-68,-23,531,348,408,"Circular Head (M)",493,-66,-119,328,436,414,384,499,498
"61410",154,3158,116,3082,361,3007,2948,3092,3801,282,216,3263,3603,3105,"6",3552,-51,355,58,3647,3230,3810,"Clarence (C)",3694,98,-67,3624,3034,3437,3516,3300,3225
"61510",-47,600,-64,610,11,650,551,662,741,4,-81,718,727,545,"6",790,63,-24,74,788,555,771,"Derwent Valley (M)",835,-105,-46,729,588,586,600,681,646
"61610",-106,1625,146,1684,-142,1598,1506,1619,1965,-17,243,1845,1891,1354,"6",2086,195,-87,-73,2071,1489,2068,"Devonport (C)",1922,-244,-169,1703,1692,1597,1990,1747,1794
"61810",-85,386,39,332,-21,369,380,322,405,-63,-46,377,415,368,"6",473,58,-19,-56,490,317,469,"Dorset (M)",430,-1,-55,356,378,313,367,413,441
"62010",-8,70,-47,39,-11,57,31,58,63,18,2,67,70,43,"6",75,5,-1,10,71,49,45,"Flinders (M)",92,-14,24,56,48,38,75,73,46
"62210",-126,378,55,435,-46,445,464,411,449,-29,2,537,559,456,"6",458,-101,61,-37,575,435,586,"George Town (M)",531,11,-105,491,448,496,507,505,483
"62410",-36,258,7,261,-1,264,261,350,284,21,19,333,370,293,"6",346,-24,32,53,320,282,356,"Glamorgan/Spring Bay (M)",349,29,-3,332,297,293,338,319,261
"62610",-371,3154,-172,3340,-271,3430,3323,3117,3906,-278,-278,3930,4051,3068,"6",4098,47,-1,-380,4277,3045,4010,"Glenorchy (C)",4182,-362,-467,3659,3497,3339,3623,3901,3621
"62810",-198,3811,-211,4269,66,4086,3886,3925,5249,-99,-235,4622,5194,3823,"6",5141,-53,-238,-320,5447,3787,5117,"Hobart (C)",5328,-263,-802,4688,4245,4031,4396,4631,4613
"63010",52,989,153,927,-48,869,967,1015,1157,44,2,1078,1036,1012,"6",1191,155,182,74,1105,1011,1235,"Huon Valley (M)",1082,143,-4,1030,941,1109,1010,1008,993
"48260",-32,856,5,891,-28,854,775,744,978,119,3,835,1003,796,"4",871,-132,-15,-56,1010,894,886,"Walkerville (M)",881,-58,82,807,800,876,811,808,774
"48340",-141,571,-147,631,-110,627,593,541,834,-43,-184,716,826,530,"4",806,-20,-95,-89,975,550,691,"Wattle Range (DC)",838,-97,-84,606,630,536,579,763,655
"48410",-220,5311,-655,5932,-383,5655,5847,5362,6541,-776,-421,6031,6823,5163,"4",6281,-542,-762,-697,6761,5071,6022,"West Torrens (C)",6677,-492,-553,5648,6059,5170,5396,5817,5864
"48540",141,1149,-153,1251,-125,1261,1128,1016,1293,-163,13,1201,1238,938,"4",1212,-26,-332,-70,1152,965,1160,"Whyalla (C)",1313,-323,-4,1076,1086,919,1235,1222,1153
"50080",179,2044,291,2109,10,1917,1869,2358,2418,526,-57,2087,2305,2239,"5",2419,114,267,384,2239,2395,2380,"Albany (C)",2089,322,-26,2097,1974,2376,1929,1986,2070
"54130",-27,81,-65,118,-17,78,110,114,114,-16,-10,125,163,94,"5",109,-54,-35,22,141,94,86,"Jerramungup (S)",151,16,-21,108,92,83,91,101,102
"54170",-3956,11375,-3902,12191,-2422,12378,11636,10469,12081,-1748,-2564,13919,15327,11248,"5",12099,-3228,-2399,-1978,16037,9888,11860,"Joondalup (C)",15762,-1130,-1610,11497,12447,9792,11014,13578,12985
"54200",-449,4465,-61,4713,-229,4233,4334,4492,5105,-261,-111,4839,5131,4340,"5",4648,-483,-486,-201,5554,4073,5098,"Kalamunda (S)",5159,107,166,4610,4693,4227,4454,4565,4299
"50210",3,7881,1161,7599,1944,5714,6288,8656,5276,2213,2134,5220,4787,7977,"5",5722,935,1347,2195,5273,8501,6578,"Armadale (C)",5417,2263,2302,7164,6461,8946,7784,5650,5579
"51680",139,568,129,565,133,512,482,616,565,88,76,360,439,654,"5",542,103,12,159,426,570,573,"Chittering (S)",444,142,131,493,457,577,496,420,437
"54690",7,13,-20,57,-21,41,29,33,48,16,6,53,50,24,"5",48,-2,-13,-5,41,45,36,"Koorda (S)",56,-17,-25,32,38,44,44,38,38
"54760",-47,29,-2,76,-7,39,53,48,75,12,-6,77,77,41,"5",72,-5,-31,-10,122,65,71,"Kulin (S)",73,2,-41,70,58,45,66,72,70
"54830",395,3999,940,3979,579,3407,3751,4461,3092,943,638,2978,2733,4019,"5",3211,478,1127,629,2697,4694,3906,"Kwinana (T)",2966,612,822,3557,3832,5106,3598,2960,3177
"54900",-146,115,-26,110,-68,135,170,86,135,-78,-55,177,214,98,"5",122,-92,-22,-75,281,92,181,"Lake Grace (S)",207,-37,-54,109,161,88,118,173,169
"51750",-58,1219,-62,1109,-24,1071,1060,1103,1377,60,-46,1206,1306,1163,"5",1168,-138,66,61,1435,1120,1147,"Claremont (T)",1209,92,152,1182,1042,1175,1181,1227,1067
"51820",772,8615,842,8551,831,7516,8222,8583,7924,9,1205,7555,7301,8155,"5",8272,971,188,557,7152,8231,8548,"Cockburn (C)",7706,639,1159,8386,8026,8739,8600,7395,7456
"51890",-129,635,30,697,21,522,630,613,549,-87,3,590,648,567,"5",607,-41,-125,25,678,543,675,"Collie (S)",645,45,23,611,588,572,608,605,612
"63210",16,503,35,434,-93,388,425,422,583,-39,-55,614,644,531,"6",677,33,4,-56,567,386,611,"Kentish (M)",576,143,-20,521,478,438,572,627,523
"52100",-30,72,-26,77,22,82,109,96,118,-34,-34,73,134,73,"5",136,2,-6,-6,148,75,90,"Corrigin (S)",116,-9,-26,95,102,71,80,114,98
"52170",-47,910,-82,902,-110,893,826,780,1095,-107,8,1025,1063,870,"5",1081,18,-67,-77,1142,719,992,"Cottesloe (T)",1074,-23,-67,915,857,835,967,959,977
"52240",-43,101,-16,86,-41,92,87,78,121,-6,-11,110,116,80,"5",119,3,5,6,164,81,100,"Cranbrook (S)",116,-12,4,69,72,91,85,96,97
"52310",-2,64,-5,86,-12,68,37,54,67,40,-22,74,72,61,"5",61,-11,-34,11,69,77,67,"Cuballing (S)",72,-7,15,62,43,52,40,62,49
"52380",-6,47,-4,47,-26,30,24,40,58,7,6,55,88,33,"5",30,-58,-19,-7,64,31,44,"Cue (S)",48,3,11,29,47,28,46,40,36
"52450",-47,103,-45,99,-36,107,96,97,120,-1,-15,142,160,93,"5",117,-43,-4,-27,167,95,99,"Cunderdin (S)",144,-14,23,106,124,95,108,123,80
"52520",-60,100,-45,129,-9,133,108,128,126,-24,-40,127,187,90,"5",145,-42,-37,-11,186,84,133,"Dalwallinu (S)",178,-43,-37,118,139,92,85,125,137
"52590",67,326,-11,340,46,335,300,354,495,48,-111,260,394,306,"5",391,-3,27,98,428,348,360,"Dandaragan (S)",371,-29,9,306,256,367,258,369,317
"52940",-37,53,-2,50,-21,42,55,60,64,-3,-2,61,82,41,"5",72,-10,-23,-8,101,52,71,"Dowerin (S)",73,-1,-12,40,68,27,61,63,65
"53010",-1,36,-32,25,-30,44,37,33,88,13,-17,89,85,45,"5",42,-43,33,-14,89,50,60,"Dumbleyung (S)",92,1,-24,59,47,58,56,73,60
"53080",-20,75,-20,128,-26,174,113,100,127,-21,-83,159,122,65,"5",125,3,-23,16,147,92,159,"Dundas (S)",179,-109,-44,133,84,105,121,204,119
"53150",-116,948,-28,887,-61,845,869,876,985,-113,58,977,999,837,"5",866,-133,5,-64,1101,756,942,"East Fremantle (T)",970,-8,-42,916,940,892,932,874,990
"53220",-111,1024,226,1091,-183,978,1307,912,1200,-543,-229,1190,1180,971,"5",1206,26,-191,-211,1311,764,1336,"East Pilbara (S)",1110,-7,-65,1007,1123,900,992,1221,1089
"53290",8,907,-240,1058,-166,869,921,855,1094,-6,-168,997,1137,836,"5",1086,-51,-159,-11,1086,915,917,"Esperance (S)",1157,-33,-94,831,866,899,796,964,1001
"53360",-22,221,28,201,73,230,232,261,254,21,8,234,245,222,"5",275,30,32,68,276,253,267,"Exmouth (S)",239,-8,21,307,193,233,224,216,200
"53430",99,3696,-143,3529,-208,3527,3347,3604,3811,120,-12,3904,3840,3578,"5",3724,-116,-134,-52,3712,3467,3806,"Fremantle (C)",3949,51,82,3696,3656,3395,3614,3626,3614
"53520",339,3013,165,3152,-73,2696,2827,2745,3465,-340,180,2925,3013,3009,"5",3270,257,-434,4,3126,2487,3226,"Geraldton-Greenough (C)",3061,313,212,2852,2741,2718,3102,2922,2801
"53570",-14,404,22,445,-59,360,379,457,511,84,-25,413,495,460,"5",536,41,-11,89,525,463,461,"Gingin (S)",439,100,33,354,368,434,342,367,371
"53640",-77,118,-49,116,-88,133,99,93,142,-12,-38,177,185,115,"5",133,-52,-7,-29,219,87,117,"Gnowangerup (S)",166,-18,-13,89,122,109,84,122,131
"54280",-310,3477,-731,3321,-897,3861,3188,2246,3863,-1110,-885,3959,4228,2833,"5",4057,-171,-1133,-1408,4173,2078,3569,"Kalgoorlie/Boulder (C)",4300,-1028,-387,3062,3654,2188,3146,4031,3864
"53710",9,68,22,85,-12,65,45,73,78,11,-1,93,69,47,"5",91,22,-23,-7,69,56,84,"Goomalling (S)",62,-18,-4,81,80,62,74,75,72
"53780",58,10550,555,11924,214,10441,11151,10400,9867,-1108,238,10572,9700,10419,"5",10212,512,-1743,-764,9809,10043,11065,"Gosnells (C)",10510,-22,118,10786,11164,10181,10614,10376,10432
"53920",-50,325,-48,450,-78,390,439,360,366,-166,-78,349,467,335,"5",288,-179,-46,45,416,273,339,"Halls Creek (S)",387,-55,-19,271,315,404,256,334,344
"53990",535,2520,258,2327,219,1971,2039,2469,2576,354,302,2182,2185,2486,"5",2801,616,36,481,2041,2393,2614,"Harvey (S)",2356,515,419,2401,1988,2363,2515,2213,2101
"54060",104,296,53,332,32,326,313,348,432,33,22,370,370,311,"5",406,36,-27,34,328,346,426,"Irwin (S)",373,-15,-19,402,314,305,331,309,315
"54340",-78,376,92,457,-80,404,411,375,393,-128,-87,507,495,397,"5",377,-118,-131,-48,471,283,696,"Katanning (S)",604,-7,-44,427,423,326,328,415,420
"54410",15,79,18,83,-14,93,89,66,127,-21,-4,81,99,67,"5",99,0,-17,7,112,68,132,"Kellerberrin (S)",114,-26,5,67,59,66,75,79,74
"54480",-4,44,-20,34,-17,62,38,30,47,-18,-23,45,44,21,"5",34,-10,-5,-5,51,20,35,"Kent (S)",55,-41,-10,28,35,29,32,55,54
"54550",-126,156,-82,133,3,156,137,118,163,-31,-37,156,232,89,"5",205,-27,-61,-46,289,106,162,"Kojonup (S)",244,-67,-5,159,164,72,142,179,161
"54620",-38,52,-19,97,-29,107,69,35,97,-17,-36,77,99,43,"5",85,-14,-27,-62,135,52,74,"Kondinin (S)",93,-64,-35,48,97,70,56,92,87
"54970",-11,138,5,109,-10,121,103,108,159,-8,-66,162,138,119,"5",135,-3,11,2,170,95,173,"Laverton (S)",168,-2,-16,152,106,120,114,180,154
"55040",24,421,43,400,5,435,483,232,336,-303,38,433,419,310,"5",439,20,-171,-208,312,180,494,"Leonora (S)",451,-125,-17,438,440,229,448,410,438
"55110",1836,7079,1920,6390,1957,5489,5776,7743,6501,1036,1942,4962,5079,7860,"5",6515,1436,694,1668,4665,6812,6983,"Mandurah (C)",5063,2371,1723,6919,6075,7084,7173,5231,5356
"55180",-57,455,-58,677,-159,584,656,581,652,-70,-165,702,775,471,"5",674,-101,-138,26,709,586,661,"Manjimup (S)",719,-113,-167,543,555,539,493,658,622
"55250",-20,206,-62,250,47,209,224,121,241,-59,-7,193,188,167,"5",171,-17,-113,-120,261,165,158,"Meekatharra (S)",220,-42,-17,240,241,137,180,187,223
"55320",-749,7826,-869,8554,-1377,8360,8362,7865,8608,-837,-1243,9299,9597,7781,"5",8241,-1356,-792,-279,9357,7525,8610,"Melville (C)",9479,-579,-366,7922,8144,7762,7551,8794,8192
"56620",54,156,13,238,33,179,170,157,248,-22,14,154,213,156,"5",229,16,-59,-12,194,148,215,"Ngaanyatjarraku (S)",202,-23,-15,187,169,179,194,180,171
"55390",11,40,12,21,11,38,14,24,31,5,-18,26,33,10,"5",17,-16,9,-4,20,19,37,"Menzies (S)",25,-28,11,37,28,30,13,31,29
"55460",-75,217,-100,304,-43,347,295,309,476,-45,-50,375,485,238,"5",341,-144,-33,-28,551,250,328,"Merredin (S)",428,-109,-129,332,337,271,307,357,346
"55530",-3,47,-35,50,2,51,66,47,72,-31,14,49,108,64,"5",55,-53,3,-10,75,35,63,"Mingenew (S)",98,13,-2,51,57,53,73,59,49
"55600",-108,217,-22,258,-78,242,205,213,275,24,-65,289,352,165,"5",277,-75,-43,-50,383,229,306,"Moora (S)",328,-77,-38,211,263,215,202,267,255
"55670",2,49,-33,66,15,52,69,38,79,-28,0,74,78,52,"5",83,5,-15,-8,77,41,61,"Morawa (S)",94,0,-11,89,46,51,77,77,60
"56930",-10,184,-21,212,-17,207,174,145,233,-53,3,199,241,178,"5",221,-20,-52,-47,243,121,201,"Peppermint Grove (S)",222,-29,-50,182,192,160,190,187,234
"55740",-196,974,-28,988,34,1042,1015,1013,1093,-54,-75,1012,1100,1013,"5",1084,-16,8,-20,1289,961,1067,"Mosman Park (T)",1095,-29,-43,1046,1033,996,982,1057,1017
"55810",-22,79,14,112,-43,85,122,75,97,-65,2,143,149,104,"5",132,-17,-43,-42,119,57,127,"Mount Magnet (S)",113,19,17,100,117,69,102,100,62
"55880",-20,47,-21,42,-35,37,66,43,63,-37,-45,65,45,36,"5",58,13,-17,4,83,29,27,"Mount Marshall (S)",48,-1,22,30,39,25,29,74,25
"55950",-32,26,-13,77,-31,45,36,31,46,1,-37,56,63,16,"5",37,-26,-22,-2,78,37,41,"Mukinbudin (S)",54,-29,-37,25,33,55,26,63,63
"56020",-87,99,-33,126,-38,126,92,70,114,-11,-34,125,159,91,"5",118,-41,-60,-50,201,81,107,"Mullewa (S)",140,-35,-33,87,120,66,93,127,132
"56090",60,3609,418,3631,161,3537,3545,3500,3515,-35,37,3563,3694,3724,"5",3653,-41,-91,-6,3455,3510,4180,"Mundaring (S)",3762,187,376,3724,3506,3540,3389,3352,3233
"57560",220,2580,-474,2942,-296,2655,2825,2790,3687,-266,24,2752,3620,2525,"5",2948,-672,-421,150,3467,2559,2732,"Roebourne (S)",3206,-130,-52,2456,2640,2521,2646,2622,2632
"56160",0,5,0,10,-5,13,10,13,6,-4,6,9,17,10,"5",16,-1,2,4,6,6,11,"Murchison (S)",11,-3,-9,4,9,12,10,4,14
"56230",39,1595,510,1494,412,1268,1311,1824,1511,432,342,1284,1239,1902,"5",1899,660,461,316,1472,1743,1819,"Murray (S)",1309,634,316,1696,1508,1955,1722,1380,1279
"56300",-23,124,-24,98,-1,80,83,106,141,34,-8,116,160,88,"5",146,-14,38,33,164,117,119,"Nannup (S)",143,8,27,115,73,136,111,119,97
"63410",-19,80,-34,79,-34,93,80,75,111,-31,-27,117,114,94,"6",95,-19,-8,-18,130,49,108,"King Island (M)",142,1,-51,83,93,71,83,110,131
"63610",414,2419,333,2157,481,2107,2126,2334,2831,239,286,2052,2540,2234,"6",2788,248,114,126,2417,2365,2940,"Kingborough (M)",2607,127,152,2533,2208,2271,2549,2263,2267
"63810",98,943,209,719,403,665,687,838,975,110,144,737,907,793,"6",1067,160,179,104,877,797,1082,"Latrobe (M)",873,128,194,1140,734,898,1042,898,749
"64010",85,3817,-172,3907,-197,4162,3832,3556,5221,-456,-186,4480,5038,3581,"6",4953,-85,-280,-524,5136,3376,4977,"Launceston (C)",5149,-581,-540,4283,4080,3627,4199,4385,4357
"64210",-111,1381,-61,1327,-94,1476,1270,1317,1706,29,-37,1573,1801,1299,"6",1710,-91,50,-112,1817,1299,1703,"Meander Valley (M)",1764,-177,-99,1479,1429,1377,1498,1535,1480
"64610",-186,928,-11,904,-11,899,864,857,1039,-70,44,959,1159,860,"6",1106,-53,14,19,1225,794,1163,"Northern Midlands (M)",1174,-39,-44,948,838,918,950,906,972
"56370",-49,55,-32,51,-28,78,67,44,73,-12,-18,84,116,51,"5",71,-45,-12,-36,122,55,66,"Narembeen (S)",98,-27,-22,56,80,39,68,86,77
"56450",19,227,2,163,-14,198,179,280,209,65,-5,104,130,251,"5",153,23,65,18,190,244,122,"Narrogin (S)",120,53,58,90,262,228,85,90,169
"56730",-20,919,54,1036,-68,965,1038,1008,1052,-103,-22,1031,962,928,"5",1063,101,-80,6,1072,935,1041,"Northam (S)",987,-37,135,963,1002,956,900,922,784
"56790",5,305,-18,351,-20,315,279,273,337,-25,-45,323,305,274,"5",336,31,-25,-57,332,254,329,"Northampton (S)",347,-41,9,303,330,326,289,334,296
"56860",12,22,-19,40,-15,8,27,15,34,-21,-2,24,40,15,"5",22,-18,-13,-7,22,6,26,"Nungarin (S)",45,7,4,9,22,27,12,14,18
"57000",-52,84,1,116,6,117,95,83,71,-16,-16,86,94,70,"5",97,3,-46,4,123,79,113,"Perenjori (S)",112,-47,-19,92,79,70,85,101,103
"57630",-3,24,-2,10,11,12,19,2,10,-3,-13,16,6,11,"5",19,13,-8,-16,13,16,20,"Sandstone (S)",22,-1,14,27,18,2,6,19,10
"57700",467,2450,902,1990,531,1659,1621,2758,1734,1446,935,1514,1252,2390,"5",1979,727,1634,1044,1267,3067,2199,"Serpentine-Jarrahdale (S)",1297,731,1053,2045,1714,3624,2447,1512,1397
"57770",-5,133,-12,140,-13,124,116,160,122,-30,29,123,109,143,"5",135,26,-37,49,127,86,121,"Shark Bay (S)",133,19,3,110,111,103,143,114,130
"57840",-384,4745,-661,4772,-940,4782,4623,3944,5288,-655,-463,5347,5407,4348,"5",5283,-124,-479,-960,5672,3968,4772,"South Perth (C)",5433,-434,112,4407,4904,4293,4449,4912,4633
"57910",-1093,19172,-1132,20555,-998,19321,19173,17840,19545,-2649,-906,19585,20421,18406,"5",19546,-875,-3391,-2196,20638,16524,20061,"Stirling (C)",21193,-915,317,18587,20036,17164,18640,19546,18855
"57980",-122,2107,-187,2326,-33,2221,2313,2027,2504,3,-60,2249,2558,2133,"5",2470,-88,-46,-77,2626,2316,2374,"Subiaco (C)",2561,-88,-459,2216,2104,2280,2212,2272,2566
"58050",1438,10851,1732,10303,1047,9595,9636,12094,10713,2447,913,9648,9430,11788,"5",11289,1859,3356,2793,9275,12083,11985,"Swan (C)",10253,2193,1918,10695,9301,13659,10315,9402,8933
"58190",-24,34,25,34,6,37,41,55,30,-7,-22,45,50,31,"5",53,3,15,-7,54,34,55,"Tammin (S)",30,-6,-17,51,62,49,18,40,51
"58260",-30,45,19,60,-30,75,73,61,64,10,-42,105,115,95,"5",105,-10,-12,-19,94,83,107,"Three Springs (S)",88,20,-20,75,80,48,67,109,65
"58330",18,381,-12,446,-10,401,498,411,542,-74,-29,433,510,401,"5",524,14,-17,-24,524,424,503,"Toodyay (S)",515,0,32,423,435,429,407,436,349
"72800",1075,5996,534,5726,359,5116,5534,5557,6264,60,-3,5622,5393,6003,"7",6358,965,153,177,5189,5594,6145,"Palmerston (C)",5611,887,435,5981,5380,5879,5601,5604,5561
"73600",-71,397,70,589,-142,515,515,413,497,-118,-154,517,512,410,"7",669,157,-112,-142,568,397,630,"Roper Gulf (S)",560,-105,-192,375,555,477,440,594,589
"58400",-8,39,-15,41,-7,17,20,28,40,-11,2,26,36,36,"5",30,-6,-20,0,48,9,29,"Trayning (S)",44,19,22,19,28,21,28,26,17
"58470",12,11,-7,22,17,14,14,12,18,8,6,5,20,25,"5",6,-14,-11,-20,6,22,9,"Upper Gascoyne (S)",16,11,-5,22,32,11,16,10,16
"58510",-129,4346,-579,5262,-648,4825,4724,4154,4868,-655,-328,5150,4955,4209,"5",4673,-282,-982,-1063,4997,4069,4668,"Victoria Park (T)",5247,-616,-425,4502,5217,4280,4466,4794,4771
"58540",-38,47,-13,68,-3,60,77,68,59,-15,-30,54,80,46,"5",75,-5,8,16,97,62,51,"Victoria Plains (S)",64,-14,-47,51,52,76,53,83,94
"74560",12,10,2,20,-5,8,15,8,51,-2,-7,18,21,9,"7",20,-1,-5,-5,39,13,29,"Wagait (S)",27,1,-6,13,13,15,13,20,16
"74660",-40,314,17,410,-93,342,413,316,643,-97,-96,504,618,310,"7",569,-49,-71,-66,683,316,596,"West Arnhem (S)",579,-32,-147,411,382,339,409,505,461
"79399",-61,830,122,982,-157,975,1114,715,793,-327,-139,893,931,744,"7",904,-27,-132,-254,854,787,1019,"Unincorporated NT",897,-231,-177,736,969,850,820,959,1007
"58570",34,4334,-678,4794,-102,4591,4188,4074,5186,23,-11,4601,4964,4119,"5",4778,-186,-93,-227,5152,4211,4523,"Vincent (T)",5201,-472,-355,4499,4301,4701,4484,4495,4689
"58610",-24,125,-40,174,5,132,117,122,234,-2,-18,167,186,122,"5",126,-60,-33,-23,258,115,156,"Wagin (S)",196,-10,-2,172,145,141,142,160,127
"58680",12,55,-1,33,13,34,32,38,55,10,12,53,47,48,"5",40,-7,-3,6,43,42,34,"Wandering (S)",35,14,6,66,32,30,44,32,49
"58760",5067,14901,4878,13114,2899,11911,12145,14915,15726,1891,3909,11712,11201,15243,"5",15431,4230,1444,2348,10659,14036,16575,"Wanneroo (C)",11697,3332,3364,14611,12567,14558,15290,11381,11537
"58820",22,349,-132,388,-13,307,340,439,413,35,19,328,407,410,"5",440,33,-6,114,391,375,320,"Waroona (S)",452,103,18,315,325,382,357,338,331
"58890",-11,48,-3,56,-10,70,67,28,113,-28,4,66,92,44,"5",80,-12,-15,-15,124,39,92,"West Arthur (S)",95,-26,-45,56,43,41,60,56,93
"59030",5,18,-14,12,-2,12,30,12,35,-15,-11,20,50,24,"5",11,-39,-2,-1,30,15,14,"Westonia (S)",28,12,5,18,13,10,14,25,13
"59100",2,66,3,59,7,68,43,41,52,14,-17,59,75,47,"5",69,-6,-27,-30,50,57,68,"Wickepin (S)",65,-21,-2,66,71,32,49,66,68
"59170",-8,56,-2,81,-16,92,52,73,94,40,-27,91,90,53,"5",107,17,-15,-6,102,92,106,"Williams (S)",108,-39,-15,75,79,66,49,76,71
"59250",-17,46,-1,94,-18,89,92,72,70,-35,-20,86,86,60,"5",65,-21,-44,4,87,57,69,"Wiluna (S)",70,-29,-46,68,68,50,57,77,92
"59310",-90,131,5,112,15,136,179,84,114,-90,-38,129,171,104,"5",111,-60,0,-63,204,89,133,"Wongan-Ballidu (S)",128,-32,-24,144,147,112,103,141,155
"59320",1,11,15,25,13,16,23,36,39,1,-10,32,22,18,"5",27,5,0,5,38,24,38,"Woodanilling (S)",23,2,-13,45,31,25,32,42,24
"59330",-30,51,-34,59,-15,45,35,41,59,23,2,48,76,56,"5",68,-8,-5,-16,89,58,35,"Wyalkatchem (S)",69,11,4,33,57,54,57,55,47
"59340",-108,828,-34,908,28,802,836,720,731,-108,19,846,880,805,"5",888,8,-103,-154,839,728,862,"Wyndham-East Kimberley (S)",896,3,60,874,874,805,841,822,768
"59350",9,20,7,30,-7,32,34,33,40,-13,27,42,61,32,"5",46,-15,-9,-11,31,21,46,"Yalgoo (S)",39,0,-13,35,44,21,41,14,33
"59360",6,121,-27,137,13,133,164,92,214,-81,-68,125,185,95,"5",147,-38,-45,-62,208,83,154,"Yilgarn (S)",181,-38,-48,138,154,92,149,217,169
"59370",43,305,45,346,92,295,310,288,370,-14,-14,257,329,270,"5",392,63,-17,-25,327,296,381,"York (S)",336,-25,6,349,313,329,284,298,299
"60210",-57,422,177,424,70,435,441,465,497,12,-16,456,526,404,"6",522,-4,19,62,554,453,628,"Break O'Day (M)",451,-31,-15,526,403,443,461,477,437
"60410",250,1251,236,1293,274,1243,1140,1262,1646,58,161,1224,1351,1121,"6",1472,121,46,9,1396,1198,1626,"Brighton (M)",1390,-122,-40,1498,1253,1339,1405,1244,1291
"60610",-193,1302,125,1437,-198,1479,1345,1183,1586,-158,-53,1477,1713,1100,"6",1688,-25,-321,-302,1779,1187,1677,"Burnie (C)",1552,-379,-118,1279,1485,1116,1479,1532,1420
"60810",-82,1278,75,1331,-35,1163,1196,1268,1455,-4,-48,1351,1501,1151,"6",1548,47,-61,68,1537,1192,1568,"Central Coast (M)",1493,-12,-48,1316,1200,1270,1385,1433,1326
"61010",10,172,-2,178,10,172,155,163,243,-15,-12,205,205,150,"6",218,13,-7,-4,233,140,231,"Central Highlands (M)",233,-22,-9,215,167,171,179,191,181
"70420",133,522,-23,763,-115,649,668,571,894,-47,-105,702,799,572,"7",843,44,-153,-138,761,621,743,"Barkly (S)",766,-77,-171,587,709,610,627,732,693
"70540",-1,4,-3,6,-3,5,6,4,11,2,-5,9,8,4,"7",6,-2,1,-1,12,8,4,"Belyuen (S)",7,-1,-1,6,5,7,5,10,5
"70620",-59,337,16,473,-69,433,411,351,651,-59,-3,508,661,345,"7",698,37,-55,-87,710,352,657,"Central Desert (S)",641,-88,-94,439,438,418,450,453,431
"70700",-31,190,-33,189,-11,172,174,136,145,-6,-8,196,164,167,"7",186,22,-41,-24,176,168,143,"Coomalie (S)",176,-5,12,185,160,148,184,192,178
"71000",-283,9360,59,10228,-215,9698,10028,8228,10008,-1668,-1671,9865,9797,9020,"7",10011,214,-1694,-1972,10291,8360,10124,"Darwin (C)",10065,-678,-556,9650,10200,8534,8559,10230,9916
"71300",-62,500,-4,655,-199,558,677,423,586,-256,-182,708,696,408,"7",654,-42,-126,-205,648,421,705,"East Arnhem (S)",709,-150,-164,509,628,529,575,757,664
"72200",-18,1517,8,1633,49,1287,1318,1339,1469,2,-17,1247,1549,1158,"7",1417,-132,-99,4,1487,1320,1415,"Katherine (T)",1407,-129,65,1296,1335,1534,1440,1457,1452
"72300",471,2344,316,2099,283,1921,2117,2343,2494,282,415,2182,2119,2091,"7",2426,307,421,360,2023,2399,2423,"Litchfield (M)",2107,170,279,2465,1983,2520,2544,2129,2065
"72330",-71,515,103,694,-68,602,586,523,701,-37,-5,673,832,509,"7",846,14,-72,-71,772,549,875,"MacDonnell (S)",772,-93,-82,605,594,622,639,644,597
